9.995829999999999993e-01 -9.566949999999999943e-14
9.991659999999999986e-01 -6.214049999999999911e-14
9.987489999999999979e-01 3.591150000000000304e-14
9.983319999999999972e-01 -2.289869999999999953e-14
9.979149999999999965e-01 4.883539999999999833e-14
9.974979999999999958e-01 -4.012689999999999813e-14
9.970809999999999951e-01 -9.953529999999999846e-14
9.966639999999999944e-01 1.422489999999999967e-15
9.962469999999999937e-01 -1.810329999999999896e-14
9.958299999999999930e-01 -4.146270000000000063e-14
9.954129999999999923e-01 3.645149999999999998e-14
9.949959999999999916e-01 -4.398360000000000102e-14
9.945789999999999909e-01 2.360349999999999946e-14
9.941619999999999902e-01 -4.912390000000000134e-14
9.937449999999999894e-01 -1.320780000000000103e-13
9.933279999999999887e-01 -1.093229999999999977e-13
9.929109999999999880e-01 1.748759999999999962e-14
9.924939999999999873e-01 5.302340000000000091e-15
9.920769999999999866e-01 4.302820000000000289e-14
9.916599999999999859e-01 -9.356660000000000543e-14
9.912429999999999852e-01 -5.110539999999999775e-14
9.908259999999999845e-01 -1.315529999999999981e-14
9.904089999999999838e-01 -1.793349999999999876e-13
9.899919999999999831e-01 -1.117609999999999952e-14
9.895749999999999824e-01 -3.279619999999999913e-14
9.891569999999999530e-01 -7.596499999999999488e-14
9.887409999999999810e-01 2.249429999999999951e-14
9.883239999999999803e-01 -4.960770000000000025e-14
9.879059999999999508e-01 3.763430000000000176e-14
9.874889999999999501e-01 -4.037450000000000002e-14
9.870719999999999494e-01 -4.307710000000000256e-14
9.866549999999999487e-01 -3.284379999999999936e-14
9.862379999999999480e-01 -5.352509999999999879e-14
9.858209999999999473e-01 8.702979999999999435e-14
9.854039999999999466e-01 1.949650000000000116e-14
9.849869999999999459e-01 -1.996559999999999926e-14
9.845699999999999452e-01 1.457389999999999963e-14
9.841529999999999445e-01 -3.801270000000000018e-14
9.837360000000000548e-01 -6.578250000000000268e-14
9.833190000000000541e-01 7.676459999999999786e-14
9.829020000000000534e-01 -1.417280000000000027e-14
9.824850000000000527e-01 4.963720000000000122e-15
9.820680000000000520e-01 9.030050000000000231e-14
9.816510000000000513e-01 9.915679999999999912e-14
9.812340000000000506e-01 4.202809999999999991e-14
9.808170000000000499e-01 -1.206380000000000012e-14
9.804000000000000492e-01 7.576189999999999598e-14
9.799830000000000485e-01 1.781130000000000131e-14
9.795660000000000478e-01 9.056719999999999854e-14
9.791490000000000471e-01 7.512340000000000582e-14
9.787320000000000464e-01 1.324420000000000076e-13
9.783150000000000457e-01 1.602040000000000008e-13
9.778980000000000450e-01 1.010119999999999966e-13
9.774810000000000443e-01 1.984669999999999964e-14
9.770640000000000436e-01 1.316190000000000019e-13
9.766470000000000429e-01 7.456149999999999486e-14
9.762300000000000422e-01 3.541339999999999756e-14
9.758130000000000415e-01 8.995469999999999736e-14
9.753960000000000408e-01 4.290230000000000138e-14
9.749790000000000401e-01 7.205809999999999918e-14
9.745620000000000394e-01 4.678110000000000122e-14
9.741450000000000387e-01 7.755380000000000524e-14
9.737280000000000380e-01 1.258370000000000069e-13
9.733110000000000372e-01 2.165749999999999885e-13
9.728940000000000365e-01 7.394900000000000630e-14
9.724770000000000358e-01 1.229310000000000090e-13
9.720600000000000351e-01 1.187710000000000045e-13
9.716430000000000344e-01 6.531989999999999867e-14
9.712260000000000337e-01 1.486780000000000103e-13
9.708090000000000330e-01 2.350710000000000050e-14
9.703920000000000323e-01 7.868469999999999843e-14
9.699750000000000316e-01 1.747859999999999936e-13
9.695580000000000309e-01 8.225520000000000074e-14
9.691410000000000302e-01 1.926310000000000049e-13
9.687240000000000295e-01 1.138139999999999991e-15
9.683070000000000288e-01 6.893549999999999692e-14
9.678900000000000281e-01 7.033110000000000563e-14
9.674730000000000274e-01 1.842400000000000056e-13
9.670560000000000267e-01 1.713589999999999921e-13
9.666390000000000260e-01 1.359799999999999921e-13
9.662220000000000253e-01 1.180479999999999934e-13
9.658050000000000246e-01 1.723770000000000035e-13
9.653880000000000239e-01 1.477429999999999996e-13
9.649710000000000232e-01 1.385909999999999898e-13
9.645540000000000225e-01 1.612889999999999906e-13
9.641370000000000218e-01 8.426069999999999911e-14
9.637200000000000211e-01 1.538819999999999899e-13
9.633030000000000204e-01 1.142540000000000047e-13
9.628860000000000197e-01 6.310649999999999469e-14
9.624690000000000190e-01 7.440139999999999448e-15
9.620520000000000183e-01 1.081000000000000013e-13
9.616350000000000176e-01 1.265550000000000095e-13
9.612180000000000168e-01 7.175629999999999889e-14
9.608010000000000161e-01 5.187949999999999745e-14
9.603840000000000154e-01 1.056039999999999986e-13
9.599670000000000147e-01 7.778600000000000298e-14
9.595489999999999853e-01 1.953680000000000113e-13
9.591319999999999846e-01 1.497930000000000010e-13
9.587149999999999839e-01 3.006239999999999719e-14
9.582979999999999832e-01 7.278080000000000124e-14
9.578809999999999825e-01 6.291550000000000086e-14
9.574639999999999818e-01 8.992979999999999966e-14
9.570469999999999811e-01 5.298869999999999741e-14
9.566299999999999804e-01 1.546679999999999928e-13
9.562129999999999797e-01 2.700300000000000116e-13
9.557959999999999789e-01 2.037830000000000062e-13
9.553789999999999782e-01 2.352280000000000050e-13
9.549619999999999775e-01 2.722279999999999988e-13
9.545449999999999768e-01 2.531429999999999847e-13
9.541279999999999761e-01 2.661010000000000190e-13
9.537109999999999754e-01 2.643610000000000183e-13
9.532939999999999747e-01 2.434979999999999789e-13
9.528769999999999740e-01 3.112049999999999851e-13
9.524599999999999733e-01 2.027809999999999919e-13
9.520429999999999726e-01 3.121930000000000209e-13
9.516259999999999719e-01 3.379129999999999860e-13
9.512089999999999712e-01 3.656309999999999998e-13
9.507919999999999705e-01 1.947149999999999938e-13
9.503749999999999698e-01 2.947019999999999897e-13
9.499579999999999691e-01 3.667809999999999999e-13
9.495409999999999684e-01 2.970080000000000204e-13
9.491239999999999677e-01 2.311510000000000013e-13
9.487069999999999670e-01 2.954700000000000022e-13
9.482899999999999663e-01 3.938770000000000190e-13
9.478729999999999656e-01 3.978220000000000087e-13
9.474559999999999649e-01 3.426090000000000197e-13
9.470389999999999642e-01 3.555770000000000206e-13
9.466219999999999635e-01 3.063600000000000194e-13
9.462049999999999628e-01 2.830120000000000163e-13
9.457879999999999621e-01 2.828379999999999910e-13
9.453709999999999614e-01 3.912360000000000204e-13
9.449539999999999607e-01 3.914340000000000161e-13
9.445369999999999600e-01 3.729860000000000224e-13
9.441199999999999593e-01 2.498639999999999943e-13
9.437029999999999585e-01 2.920440000000000226e-13
9.432859999999999578e-01 3.196769999999999918e-13
9.428689999999999571e-01 3.957609999999999936e-13
9.424519999999999564e-01 3.199680000000000054e-13
9.420349999999999557e-01 3.700049999999999971e-13
9.416179999999999550e-01 3.289820000000000213e-13
9.412009999999999543e-01 3.093849999999999989e-13
9.407839999999999536e-01 4.021360000000000043e-13
9.403669999999999529e-01 2.918380000000000031e-13
9.399499999999999522e-01 3.635729999999999998e-13
9.395329999999999515e-01 2.287189999999999870e-13
9.391159999999999508e-01 3.136529999999999965e-13
9.386989999999999501e-01 2.464039999999999768e-13
9.382819999999999494e-01 4.234759999999999921e-13
9.378649999999999487e-01 3.615439999999999789e-13
9.374479999999999480e-01 4.075459999999999782e-13
9.370309999999999473e-01 2.980660000000000246e-13
9.366139999999999466e-01 4.175739999999999936e-13
9.361969999999999459e-01 4.553900000000000417e-13
9.357799999999999452e-01 3.800770000000000172e-13
9.353630000000000555e-01 4.365090000000000033e-13
9.349460000000000548e-01 3.389749999999999768e-13
9.345290000000000541e-01 3.621980000000000183e-13
9.341120000000000534e-01 3.890079999999999818e-13
9.336950000000000527e-01 3.672229999999999893e-13
9.332780000000000520e-01 4.269789999999999924e-13
9.328610000000000513e-01 3.824210000000000221e-13
9.324440000000000506e-01 3.893210000000000230e-13
9.320270000000000499e-01 3.825829999999999865e-13
9.316100000000000492e-01 3.690580000000000012e-13
9.311930000000000485e-01 3.282950000000000163e-13
9.307760000000000478e-01 4.767029999999999934e-13
9.303590000000000471e-01 3.991119999999999961e-13
9.299420000000000464e-01 4.820870000000000036e-13
9.295240000000000169e-01 5.250340000000000224e-13
9.291070000000000162e-01 4.298210000000000019e-13
9.286900000000000155e-01 6.121160000000000345e-13
9.282730000000000148e-01 4.855889999999999820e-13
9.278560000000000141e-01 4.777540000000000462e-13
9.274390000000000134e-01 5.165190000000000329e-13
9.270220000000000127e-01 5.696600000000000183e-13
9.266050000000000120e-01 4.896720000000000162e-13
9.261880000000000113e-01 5.098189999999999706e-13
9.257710000000000106e-01 5.231269999999999983e-13
9.253540000000000099e-01 5.675799999999999908e-13
9.249370000000000092e-01 6.127959999999999871e-13
9.245200000000000085e-01 5.303569999999999584e-13
9.241030000000000078e-01 6.608340000000000092e-13
9.236860000000000070e-01 6.173299999999999555e-13
9.232690000000000063e-01 6.024750000000000153e-13
9.228520000000000056e-01 6.715520000000000449e-13
9.224350000000000049e-01 5.921940000000000109e-13
9.220180000000000042e-01 6.287350000000000467e-13
9.216010000000000035e-01 6.395699999999999698e-13
9.211840000000000028e-01 6.310559999999999517e-13
9.207670000000000021e-01 5.120190000000000016e-13
9.203500000000000014e-01 5.280090000000000173e-13
9.199330000000000007e-01 6.310250000000000299e-13
9.195160000000000000e-01 6.565279999999999870e-13
9.190989999999999993e-01 6.122290000000000361e-13
9.186819999999999986e-01 5.466689999999999600e-13
9.182649999999999979e-01 6.059909999999999974e-13
9.178479999999999972e-01 4.992479999999999746e-13
9.174309999999999965e-01 6.017150000000000266e-13
9.170139999999999958e-01 5.336120000000000289e-13
9.165969999999999951e-01 5.123190000000000105e-13
9.161799999999999944e-01 5.616519999999999781e-13
9.157629999999999937e-01 5.703929999999999708e-13
9.153459999999999930e-01 5.585669999999999968e-13
9.149289999999999923e-01 5.671340000000000147e-13
9.145119999999999916e-01 4.806389999999999879e-13
9.140949999999999909e-01 7.031889999999999837e-13
9.136779999999999902e-01 5.739310000000000311e-13
9.132609999999999895e-01 6.310740000000000431e-13
9.128439999999999888e-01 5.228549999999999971e-13
9.124269999999999881e-01 5.798910000000000380e-13
9.120099999999999874e-01 6.013080000000000466e-13
9.115929999999999866e-01 5.528680000000000026e-13
9.111759999999999859e-01 5.967429999999999545e-13
9.107589999999999852e-01 5.658319999999999663e-13
9.103419999999999845e-01 6.235960000000000017e-13
9.099249999999999838e-01 6.147189999999999578e-13
9.095079999999999831e-01 6.798170000000000102e-13
9.090909999999999824e-01 6.355730000000000021e-13
9.086739999999999817e-01 7.180330000000000364e-13
9.082569999999999810e-01 7.333619999999999603e-13
9.078399999999999803e-01 7.052709999999999541e-13
9.074229999999999796e-01 7.206099999999999960e-13
9.070059999999999789e-01 7.616259999999999699e-13
9.065889999999999782e-01 6.898580000000000075e-13
9.061719999999999775e-01 7.046809999999999536e-13
9.057549999999999768e-01 6.924570000000000452e-13
9.053379999999999761e-01 5.723599999999999967e-13
9.049209999999999754e-01 8.579530000000000097e-13
9.045039999999999747e-01 6.900340000000000262e-13
9.040869999999999740e-01 7.849439999999999721e-13
9.036699999999999733e-01 7.391029999999999658e-13
9.032529999999999726e-01 7.439109999999999793e-13
9.028359999999999719e-01 8.022120000000000153e-13
9.024189999999999712e-01 8.297310000000000114e-13
9.020019999999999705e-01 7.745260000000000462e-13
9.015849999999999698e-01 8.639329999999999499e-13
9.011679999999999691e-01 8.524569999999999693e-13
9.007509999999999684e-01 7.896069999999999897e-13
9.003339999999999677e-01 8.656860000000000334e-13
8.999169999999999670e-01 8.149119999999999511e-13
8.994990000000000485e-01 8.563779999999999886e-13
8.990820000000000478e-01 9.259390000000000191e-13
8.986650000000000471e-01 8.659340000000000138e-13
8.982480000000000464e-01 8.853919999999999698e-13
8.978310000000000457e-01 9.633359999999999253e-13
8.974140000000000450e-01 9.317349999999999673e-13
8.969970000000000443e-01 1.016560000000000063e-12
8.965800000000000436e-01 8.943360000000000173e-13
8.961630000000000429e-01 9.418380000000000102e-13
8.957460000000000422e-01 9.865739999999999925e-13
8.953290000000000415e-01 9.438430000000000607e-13
8.949120000000000408e-01 9.510570000000000742e-13
8.944950000000000401e-01 9.394079999999999893e-13
8.940780000000000394e-01 9.668099999999999971e-13
8.936610000000000387e-01 8.600769999999999914e-13
8.932440000000000380e-01 9.024470000000000421e-13
8.928270000000000373e-01 9.275659999999999676e-13
8.924100000000000366e-01 8.857180000000000434e-13
8.919930000000000359e-01 9.965200000000000795e-13
8.915760000000000352e-01 9.433239999999999496e-13
8.911590000000000344e-01 8.945440000000000302e-13
8.907420000000000337e-01 8.415380000000000236e-13
8.903250000000000330e-01 8.942239999999999871e-13
8.899080000000000323e-01 9.177869999999999545e-13
8.894910000000000316e-01 8.539909999999999504e-13
8.890740000000000309e-01 8.970549999999999576e-13
8.886570000000000302e-01 9.675879999999999762e-13
8.882400000000000295e-01 8.711300000000000453e-13
8.878230000000000288e-01 8.766089999999999658e-13
8.874060000000000281e-01 8.337520000000000000e-13
8.869890000000000274e-01 7.883149999999999585e-13
8.865720000000000267e-01 8.019279999999999531e-13
8.861550000000000260e-01 8.115250000000000181e-13
8.857380000000000253e-01 8.262449999999999796e-13
8.853210000000000246e-01 8.941649999999999568e-13
8.849040000000000239e-01 8.488819999999999568e-13
8.844870000000000232e-01 7.972050000000000347e-13
8.840700000000000225e-01 9.332880000000000113e-13
8.836530000000000218e-01 9.264180000000000618e-13
8.832360000000000211e-01 9.571410000000000713e-13
8.828190000000000204e-01 9.500989999999999889e-13
8.824020000000000197e-01 9.279639999999999019e-13
8.819850000000000190e-01 8.324209999999999727e-13
8.815680000000000183e-01 9.152719999999999394e-13
8.811510000000000176e-01 1.055969999999999993e-12
8.807340000000000169e-01 1.003789999999999906e-12
8.803170000000000162e-01 1.054490000000000084e-12
8.799000000000000155e-01 1.149120000000000055e-12
8.794830000000000148e-01 1.118320000000000025e-12
8.790660000000000140e-01 1.165529999999999982e-12
8.786490000000000133e-01 1.127850000000000086e-12
8.782320000000000126e-01 1.214129999999999997e-12
8.778150000000000119e-01 1.167729999999999912e-12
8.773980000000000112e-01 1.202780000000000051e-12
8.769810000000000105e-01 1.172290000000000046e-12
8.765640000000000098e-01 1.216519999999999950e-12
8.761470000000000091e-01 1.230930000000000087e-12
8.757300000000000084e-01 1.251160000000000093e-12
8.753130000000000077e-01 1.272190000000000055e-12
8.748960000000000070e-01 1.306179999999999994e-12
8.744790000000000063e-01 1.344610000000000063e-12
8.740620000000000056e-01 1.441559999999999968e-12
8.736450000000000049e-01 1.290669999999999992e-12
8.732280000000000042e-01 1.370400000000000098e-12
8.728110000000000035e-01 1.412890000000000051e-12
8.723940000000000028e-01 1.305090000000000046e-12
8.719770000000000021e-01 1.424729999999999928e-12
8.715600000000000014e-01 1.390350000000000028e-12
8.711430000000000007e-01 1.406129999999999987e-12
8.707260000000000000e-01 1.356530000000000077e-12
8.703089999999999993e-01 1.462000000000000031e-12
8.698909999999999698e-01 1.368910000000000071e-12
8.694739999999999691e-01 1.426140000000000020e-12
8.690569999999999684e-01 1.348510000000000077e-12
8.686399999999999677e-01 1.398499999999999948e-12
8.682229999999999670e-01 1.407590000000000064e-12
8.678059999999999663e-01 1.407740000000000018e-12
8.673889999999999656e-01 1.392789999999999965e-12
8.669719999999999649e-01 1.387090000000000101e-12
8.665549999999999642e-01 1.425619999999999937e-12
8.661379999999999635e-01 1.368000000000000027e-12
8.657209999999999628e-01 1.405380000000000016e-12
8.653039999999999621e-01 1.254529999999999906e-12
8.648869999999999614e-01 1.349380000000000052e-12
8.644699999999999607e-01 1.343550000000000066e-12
8.640529999999999600e-01 1.316709999999999950e-12
8.636359999999999593e-01 1.255709999999999907e-12
8.632189999999999586e-01 1.335720000000000088e-12
8.628019999999999579e-01 1.241150000000000018e-12
8.623849999999999572e-01 1.266499999999999905e-12
8.619679999999999565e-01 1.131459999999999906e-12
8.615509999999999557e-01 1.204220000000000093e-12
8.611339999999999550e-01 1.231700000000000093e-12
8.607169999999999543e-01 1.186880000000000088e-12
8.602999999999999536e-01 1.192090000000000023e-12
8.598829999999999529e-01 1.230389999999999971e-12
8.594659999999999522e-01 1.298230000000000013e-12
8.590489999999999515e-01 1.259439999999999933e-12
8.586319999999999508e-01 1.227800000000000080e-12
8.582149999999999501e-01 1.250780000000000048e-12
8.577979999999999494e-01 1.151539999999999958e-12
8.573809999999999487e-01 1.142319999999999923e-12
8.569639999999999480e-01 1.267749999999999924e-12
8.565469999999999473e-01 1.248629999999999901e-12
8.561299999999999466e-01 1.263439999999999916e-12
8.557129999999999459e-01 1.387059999999999948e-12
8.552959999999999452e-01 1.419649999999999913e-12
8.548789999999999445e-01 1.262820000000000066e-12
8.544620000000000548e-01 1.357729999999999911e-12
8.540450000000000541e-01 1.383569999999999930e-12
8.536280000000000534e-01 1.562930000000000086e-12
8.532110000000000527e-01 1.527820000000000047e-12
8.527940000000000520e-01 1.568219999999999956e-12
8.523770000000000513e-01 1.565929999999999973e-12
8.519600000000000506e-01 1.693570000000000022e-12
8.515430000000000499e-01 1.762380000000000009e-12
8.511260000000000492e-01 1.724320000000000068e-12
8.507090000000000485e-01 1.811369999999999985e-12
8.502920000000000478e-01 1.840279999999999909e-12
8.498750000000000471e-01 1.944130000000000118e-12
8.494580000000000464e-01 2.009049999999999805e-12
8.490410000000000457e-01 2.043429999999999907e-12
8.486240000000000450e-01 2.159390000000000152e-12
8.482070000000000443e-01 2.102279999999999803e-12
8.477900000000000436e-01 2.134040000000000063e-12
8.473730000000000429e-01 2.157000000000000200e-12
8.469560000000000421e-01 2.226520000000000089e-12
8.465390000000000414e-01 2.121390000000000112e-12
8.461220000000000407e-01 2.149780000000000156e-12
8.457050000000000400e-01 2.202229999999999998e-12
8.452880000000000393e-01 2.215859999999999809e-12
8.448710000000000386e-01 2.197949999999999939e-12
8.444540000000000379e-01 2.140440000000000117e-12
8.440370000000000372e-01 2.192089999999999801e-12
8.436200000000000365e-01 2.180760000000000090e-12
8.432030000000000358e-01 2.180760000000000090e-12
8.427860000000000351e-01 2.084280000000000081e-12
8.423690000000000344e-01 2.167120000000000160e-12
8.419520000000000337e-01 1.973890000000000185e-12
8.415350000000000330e-01 2.076140000000000078e-12
8.411180000000000323e-01 2.089780000000000007e-12
8.407010000000000316e-01 2.047049999999999845e-12
8.402840000000000309e-01 2.114909999999999921e-12
8.398660000000000014e-01 2.077710000000000040e-12
8.394490000000000007e-01 2.095090000000000113e-12
8.390320000000000000e-01 2.030129999999999954e-12
8.386149999999999993e-01 2.067889999999999987e-12
8.381979999999999986e-01 1.975669999999999800e-12
8.377809999999999979e-01 1.939580000000000102e-12
8.373639999999999972e-01 1.981980000000000002e-12
8.369469999999999965e-01 1.996320000000000121e-12
8.365299999999999958e-01 2.027799999999999902e-12
8.361129999999999951e-01 1.896669999999999834e-12
8.356959999999999944e-01 1.847710000000000010e-12
8.352789999999999937e-01 1.902829999999999880e-12
8.348619999999999930e-01 1.910969999999999884e-12
8.344449999999999923e-01 1.838499999999999891e-12
8.340279999999999916e-01 1.784179999999999977e-12
8.336109999999999909e-01 1.826499999999999942e-12
8.331939999999999902e-01 1.872399999999999978e-12
8.327769999999999895e-01 1.842359999999999836e-12
8.323599999999999888e-01 1.838620000000000096e-12
8.319429999999999881e-01 1.760280000000000048e-12
8.315259999999999874e-01 1.810969999999999906e-12
8.311089999999999867e-01 1.755089999999999946e-12
8.306919999999999860e-01 1.777570000000000068e-12
8.302749999999999853e-01 1.860950000000000063e-12
8.298579999999999846e-01 1.795010000000000043e-12
8.294409999999999838e-01 1.882659999999999977e-12
8.290239999999999831e-01 1.916369999999999841e-12
8.286069999999999824e-01 1.894740000000000063e-12
8.281899999999999817e-01 2.004239999999999950e-12
8.277729999999999810e-01 2.110620000000000149e-12
8.273559999999999803e-01 2.090410000000000177e-12
8.269389999999999796e-01 2.106170000000000102e-12
8.265219999999999789e-01 2.238369999999999882e-12
8.261049999999999782e-01 2.242110000000000026e-12
8.256879999999999775e-01 2.389679999999999971e-12
8.252709999999999768e-01 2.396160000000000162e-12
8.248539999999999761e-01 2.435429999999999852e-12
8.244369999999999754e-01 2.607750000000000071e-12
8.240199999999999747e-01 2.690189999999999869e-12
8.236029999999999740e-01 2.898280000000000046e-12
8.231859999999999733e-01 2.993430000000000100e-12
8.227689999999999726e-01 3.059650000000000195e-12
8.223519999999999719e-01 3.066809999999999935e-12
8.219349999999999712e-01 3.289139999999999857e-12
8.215179999999999705e-01 3.339430000000000039e-12
8.211009999999999698e-01 3.357709999999999836e-12
8.206839999999999691e-01 3.484739999999999952e-12
8.202669999999999684e-01 3.573219999999999995e-12
8.198499999999999677e-01 3.611069999999999879e-12
8.194329999999999670e-01 3.726550000000000110e-12
8.190159999999999663e-01 3.663850000000000388e-12
8.185989999999999656e-01 3.721109999999999681e-12
8.181819999999999649e-01 3.694350000000000308e-12
8.177649999999999642e-01 3.796979999999999842e-12
8.173479999999999634e-01 3.675569999999999857e-12
8.169309999999999627e-01 3.653710000000000190e-12
8.165139999999999620e-01 3.578749999999999872e-12
8.160969999999999613e-01 3.595139999999999966e-12
8.156799999999999606e-01 3.473239999999999850e-12
8.152629999999999599e-01 3.426650000000000146e-12
8.148459999999999592e-01 3.383760000000000114e-12
8.144289999999999585e-01 3.311719999999999948e-12
8.140119999999999578e-01 3.316720000000000028e-12
8.135949999999999571e-01 3.345889999999999994e-12
8.131779999999999564e-01 3.327470000000000159e-12
8.127609999999999557e-01 3.228259999999999817e-12
8.123439999999999550e-01 3.120080000000000171e-12
8.119269999999999543e-01 3.162960000000000085e-12
8.115090000000000359e-01 3.113589999999999863e-12
8.110920000000000352e-01 3.191469999999999931e-12
8.106759999999999522e-01 3.086679999999999930e-12
8.102580000000000338e-01 3.068850000000000197e-12
8.098410000000000331e-01 3.051819999999999814e-12
8.094240000000000324e-01 3.103310000000000032e-12
8.090070000000000316e-01 3.058780000000000018e-12
8.085900000000000309e-01 3.060600000000000106e-12
8.081730000000000302e-01 2.978720000000000055e-12
8.077560000000000295e-01 2.862650000000000126e-12
8.073390000000000288e-01 2.800470000000000082e-12
8.069220000000000281e-01 2.956460000000000107e-12
8.065050000000000274e-01 2.834940000000000035e-12
8.060880000000000267e-01 2.839110000000000006e-12
8.056710000000000260e-01 2.737769999999999955e-12
8.052540000000000253e-01 2.765699999999999817e-12
8.048370000000000246e-01 2.751209999999999947e-12
8.044200000000000239e-01 2.690730000000000188e-12
8.040030000000000232e-01 2.759379999999999901e-12
8.035860000000000225e-01 2.690669999999999883e-12
8.031690000000000218e-01 2.664700000000000147e-12
8.027520000000000211e-01 2.685019999999999802e-12
8.023350000000000204e-01 2.811970000000000184e-12
8.019180000000000197e-01 2.743290000000000118e-12
8.015010000000000190e-01 2.752830000000000095e-12
8.010840000000000183e-01 2.800000000000000186e-12
8.006670000000000176e-01 2.851619999999999920e-12
8.002500000000000169e-01 3.028730000000000162e-12
7.998330000000000162e-01 3.163119999999999955e-12
7.994160000000000155e-01 3.183100000000000038e-12
7.989990000000000148e-01 3.390029999999999844e-12
7.985820000000000141e-01 3.439200000000000128e-12
7.981650000000000134e-01 3.590390000000000012e-12
7.977480000000000127e-01 3.667040000000000094e-12
7.973310000000000120e-01 3.946400000000000229e-12
7.969140000000000112e-01 4.041249999999999971e-12
7.964970000000000105e-01 4.237640000000000107e-12
7.960800000000000098e-01 4.446810000000000113e-12
7.956630000000000091e-01 4.662189999999999948e-12
7.952460000000000084e-01 4.857770000000000212e-12
7.948290000000000077e-01 5.094349999999999997e-12
7.944120000000000070e-01 5.335290000000000382e-12
7.939950000000000063e-01 5.477389999999999948e-12
7.935780000000000056e-01 5.762640000000000172e-12
7.931610000000000049e-01 5.915339999999999713e-12
7.927440000000000042e-01 5.997079999999999726e-12
7.923270000000000035e-01 6.132200000000000063e-12
7.919100000000000028e-01 6.247349999999999628e-12
7.914930000000000021e-01 6.300369999999999739e-12
7.910760000000000014e-01 6.290280000000000133e-12
7.906590000000000007e-01 6.225310000000000259e-12
7.902420000000000000e-01 6.233720000000000220e-12
7.898249999999999993e-01 6.232890000000000112e-12
7.894079999999999986e-01 6.114210000000000056e-12
7.889909999999999979e-01 6.128580000000000125e-12
7.885739999999999972e-01 5.864220000000000230e-12
7.881569999999999965e-01 5.708340000000000292e-12
7.877399999999999958e-01 5.588640000000000307e-12
7.873229999999999951e-01 5.427190000000000021e-12
7.869059999999999944e-01 5.278090000000000182e-12
7.864889999999999937e-01 5.255549999999999755e-12
7.860719999999999930e-01 5.177950000000000166e-12
7.856549999999999923e-01 5.092409999999999705e-12
7.852379999999999916e-01 5.133480000000000054e-12
7.848209999999999908e-01 4.930610000000000131e-12
7.844039999999999901e-01 4.938260000000000003e-12
7.839869999999999894e-01 4.905879999999999691e-12
7.835699999999999887e-01 4.805360000000000034e-12
7.831529999999999880e-01 4.677410000000000362e-12
7.827359999999999873e-01 4.643349999999999597e-12
7.823189999999999866e-01 4.689179999999999614e-12
7.819019999999999859e-01 4.590619999999999679e-12
7.814839999999999565e-01 4.613230000000000125e-12
7.810669999999999558e-01 4.543460000000000110e-12
7.806499999999999551e-01 4.412099999999999749e-12
7.802329999999999544e-01 4.465690000000000129e-12
7.798159999999999537e-01 4.509999999999999968e-12
7.793989999999999529e-01 4.371590000000000359e-12
7.789819999999999522e-01 4.368119999999999769e-12
7.785649999999999515e-01 4.234039999999999597e-12
7.781479999999999508e-01 4.198950000000000400e-12
7.777309999999999501e-01 4.124349999999999890e-12
7.773139999999999494e-01 4.123770000000000310e-12
7.768969999999999487e-01 4.113020000000000179e-12
7.764799999999999480e-01 4.143489999999999745e-12
7.760629999999999473e-01 4.050510000000000277e-12
7.756459999999999466e-01 4.079069999999999905e-12
7.752289999999999459e-01 4.017579999999999931e-12
7.748119999999999452e-01 4.039189999999999877e-12
7.743949999999999445e-01 4.065509999999999708e-12
7.739780000000000548e-01 3.994970000000000293e-12
7.735610000000000541e-01 4.078400000000000070e-12
7.731440000000000534e-01 4.116180000000000339e-12
7.727270000000000527e-01 4.234409999999999927e-12
7.723100000000000520e-01 4.480449999999999957e-12
7.718930000000000513e-01 4.486010000000000188e-12
7.714760000000000506e-01 4.668539999999999815e-12
7.710590000000000499e-01 4.889319999999999608e-12
7.706420000000000492e-01 5.199620000000000012e-12
7.702250000000000485e-01 5.365220000000000034e-12
7.698080000000000478e-01 5.620100000000000256e-12
7.693910000000000471e-01 5.927340000000000066e-12
7.689740000000000464e-01 6.297000000000000330e-12
7.685570000000000457e-01 6.593660000000000401e-12
7.681400000000000450e-01 7.072940000000000354e-12
7.677230000000000443e-01 7.453490000000000787e-12
7.673060000000000436e-01 7.925119999999999253e-12
7.668890000000000429e-01 8.407009999999999334e-12
7.664720000000000422e-01 8.925809999999999910e-12
7.660550000000000415e-01 9.132369999999999789e-12
7.656380000000000408e-01 9.538209999999999199e-12
7.652210000000000401e-01 9.880660000000000431e-12
7.648040000000000393e-01 1.014660000000000041e-11
7.643870000000000386e-01 1.027370000000000054e-11
7.639700000000000379e-01 1.031720000000000051e-11
7.635530000000000372e-01 1.027220000000000060e-11
7.631360000000000365e-01 1.019610000000000014e-11
7.627190000000000358e-01 1.014020000000000076e-11
7.623020000000000351e-01 1.001599999999999933e-11
7.618850000000000344e-01 9.828369999999999247e-12
7.614680000000000337e-01 9.601930000000000466e-12
7.610510000000000330e-01 9.296620000000000023e-12
7.606340000000000323e-01 8.970220000000000122e-12
7.602170000000000316e-01 8.711899999999999663e-12
7.598000000000000309e-01 8.428839999999999454e-12
7.593830000000000302e-01 8.221299999999999310e-12
7.589660000000000295e-01 7.978329999999999993e-12
7.585490000000000288e-01 7.763409999999999935e-12
7.581320000000000281e-01 7.486109999999999895e-12
7.577150000000000274e-01 7.310739999999999200e-12
7.572980000000000267e-01 7.257519999999999957e-12
7.568810000000000260e-01 7.141629999999999731e-12
7.564640000000000253e-01 7.027489999999999977e-12
7.560470000000000246e-01 6.974920000000000334e-12
7.556300000000000239e-01 6.876109999999999869e-12
7.552130000000000232e-01 6.766119999999999850e-12
7.547960000000000225e-01 6.683959999999999724e-12
7.543790000000000218e-01 6.525730000000000306e-12
7.539620000000000211e-01 6.550369999999999684e-12
7.535450000000000204e-01 6.455089999999999710e-12
7.531280000000000197e-01 6.368930000000000005e-12
7.527110000000000190e-01 6.305070000000000315e-12
7.522940000000000182e-01 6.170139999999999799e-12
7.518770000000000175e-01 6.121390000000000032e-12
7.514589999999999881e-01 6.028339999999999736e-12
7.510419999999999874e-01 6.037719999999999844e-12
7.506249999999999867e-01 5.986580000000000124e-12
7.502079999999999860e-01 5.913569999999999812e-12
7.497909999999999853e-01 5.807580000000000180e-12
7.493739999999999846e-01 5.750660000000000055e-12
7.489569999999999839e-01 5.612780000000000243e-12
7.485399999999999832e-01 5.558709999999999848e-12
7.481229999999999825e-01 5.422500000000000371e-12
7.477059999999999818e-01 5.447219999999999886e-12
7.472889999999999810e-01 5.442670000000000274e-12
7.468719999999999803e-01 5.461179999999999960e-12
7.464549999999999796e-01 5.458279999999999639e-12
7.460379999999999789e-01 5.545789999999999940e-12
7.456209999999999782e-01 5.539050000000000314e-12
7.452039999999999775e-01 5.670510000000000240e-12
7.447869999999999768e-01 5.824509999999999786e-12
7.443699999999999761e-01 5.968870000000000193e-12
7.439529999999999754e-01 6.152009999999999754e-12
7.435359999999999747e-01 6.432929999999999732e-12
7.431189999999999740e-01 6.647870000000000026e-12
7.427019999999999733e-01 6.988819999999999699e-12
7.422849999999999726e-01 7.371370000000000326e-12
7.418679999999999719e-01 7.899039999999999833e-12
7.414509999999999712e-01 8.374889999999999668e-12
7.410339999999999705e-01 8.993389999999999911e-12
7.406169999999999698e-01 9.837790000000000634e-12
7.401999999999999691e-01 1.056630000000000032e-11
7.397829999999999684e-01 1.140600000000000047e-11
7.393659999999999677e-01 1.214299999999999945e-11
7.389489999999999670e-01 1.292710000000000052e-11
7.385319999999999663e-01 1.361820000000000027e-11
7.381149999999999656e-01 1.433569999999999999e-11
7.376979999999999649e-01 1.499259999999999975e-11
7.372809999999999642e-01 1.542220000000000026e-11
7.368639999999999635e-01 1.568059999999999843e-11
7.364469999999999628e-01 1.588160000000000051e-11
7.360299999999999621e-01 1.601160000000000096e-11
7.356129999999999614e-01 1.598229999999999906e-11
7.351959999999999607e-01 1.566360000000000123e-11
7.347789999999999599e-01 1.532620000000000067e-11
7.343619999999999592e-01 1.485320000000000137e-11
7.339449999999999585e-01 1.430899999999999971e-11
7.335279999999999578e-01 1.376210000000000010e-11
7.331109999999999571e-01 1.308269999999999958e-11
7.326939999999999564e-01 1.255580000000000028e-11
7.322769999999999557e-01 1.193650000000000028e-11
7.318599999999999550e-01 1.144730000000000031e-11
7.314429999999999543e-01 1.102489999999999920e-11
7.310259999999999536e-01 1.058160000000000007e-11
7.306089999999999529e-01 1.038169999999999968e-11
7.301919999999999522e-01 9.991569999999999198e-12
7.297749999999999515e-01 9.758220000000000399e-12
7.293579999999999508e-01 9.510909999999999911e-12
7.289409999999999501e-01 9.399719999999999453e-12
7.285239999999999494e-01 9.240099999999999775e-12
7.281069999999999487e-01 9.117670000000000670e-12
7.276899999999999480e-01 8.988040000000000544e-12
7.272729999999999473e-01 8.824059999999999460e-12
7.268559999999999466e-01 8.619959999999999552e-12
7.264389999999999459e-01 8.603959999999999620e-12
7.260219999999999452e-01 8.476260000000000477e-12
7.256050000000000555e-01 8.360760000000000010e-12
7.251880000000000548e-01 8.269949999999999512e-12
7.247710000000000541e-01 8.095990000000000120e-12
7.243540000000000534e-01 7.919500000000000737e-12
7.239370000000000527e-01 7.732959999999999798e-12
7.235200000000000520e-01 7.645410000000000640e-12
7.231030000000000513e-01 7.527359999999999947e-12
7.226860000000000506e-01 7.381610000000000088e-12
7.222690000000000499e-01 7.321920000000000370e-12
7.218510000000000204e-01 7.147449999999999801e-12
7.214340000000000197e-01 7.145469999999999844e-12
7.210170000000000190e-01 7.019030000000000234e-12
7.206000000000000183e-01 6.882399999999999835e-12
7.201830000000000176e-01 6.802589999999999997e-12
7.197660000000000169e-01 6.633510000000000075e-12
7.193490000000000162e-01 6.664539999999999792e-12
7.189320000000000155e-01 6.648939999999999737e-12
7.185150000000000148e-01 6.665530000000000175e-12
7.180980000000000141e-01 6.740319999999999697e-12
7.176810000000000134e-01 6.810760000000000355e-12
7.172640000000000127e-01 6.907660000000000073e-12
7.168470000000000120e-01 7.054930000000000111e-12
7.164300000000000113e-01 7.337699999999999319e-12
7.160130000000000106e-01 7.498590000000000262e-12
7.155960000000000099e-01 7.860809999999999904e-12
7.151790000000000092e-01 8.070780000000000473e-12
7.147620000000000084e-01 8.593189999999999253e-12
7.143450000000000077e-01 9.129830000000000489e-12
7.139280000000000070e-01 9.892149999999999607e-12
7.135110000000000063e-01 1.072100000000000006e-11
7.130940000000000056e-01 1.175580000000000046e-11
7.126770000000000049e-01 1.287629999999999997e-11
7.122600000000000042e-01 1.417299999999999949e-11
7.118430000000000035e-01 1.552439999999999876e-11
7.114260000000000028e-01 1.687850000000000083e-11
7.110090000000000021e-01 1.805850000000000025e-11
7.105920000000000014e-01 1.922200000000000029e-11
7.101750000000000007e-01 2.014440000000000128e-11
7.097580000000000000e-01 2.082320000000000118e-11
7.093409999999999993e-01 2.138980000000000080e-11
7.089239999999999986e-01 2.182490000000000003e-11
7.085069999999999979e-01 2.191719999999999955e-11
7.080899999999999972e-01 2.181409999999999850e-11
7.076729999999999965e-01 2.142020000000000116e-11
7.072559999999999958e-01 2.095069999999999958e-11
7.068389999999999951e-01 2.026459999999999910e-11
7.064219999999999944e-01 1.935829999999999921e-11
7.060049999999999937e-01 1.834010000000000099e-11
7.055879999999999930e-01 1.716519999999999879e-11
7.051709999999999923e-01 1.596400000000000104e-11
7.047539999999999916e-01 1.492990000000000084e-11
7.043369999999999909e-01 1.393579999999999965e-11
7.039199999999999902e-01 1.310089999999999964e-11
7.035029999999999895e-01 1.238920000000000056e-11
7.030859999999999888e-01 1.179030000000000076e-11
7.026689999999999880e-01 1.133510000000000004e-11
7.022519999999999873e-01 1.097750000000000003e-11
7.018349999999999866e-01 1.072500000000000045e-11
7.014179999999999859e-01 1.047670000000000038e-11
7.010009999999999852e-01 1.030769999999999979e-11
7.005839999999999845e-01 1.010090000000000031e-11
7.001669999999999838e-01 9.949779999999999231e-12
6.997499999999999831e-01 9.726950000000000271e-12
6.993329999999999824e-01 9.568550000000000461e-12
6.989159999999999817e-01 9.441009999999999976e-12
6.984989999999999810e-01 9.303690000000000315e-12
6.980819999999999803e-01 9.112190000000000576e-12
6.976649999999999796e-01 9.003959999999999531e-12
6.972479999999999789e-01 8.802979999999999311e-12
6.968309999999999782e-01 8.663610000000000482e-12
6.964139999999999775e-01 8.445320000000000207e-12
6.959969999999999768e-01 8.208979999999999217e-12
6.955799999999999761e-01 8.055989999999999482e-12
6.951629999999999754e-01 7.774740000000000454e-12
6.947459999999999747e-01 7.576889999999999232e-12
6.943289999999999740e-01 7.424290000000000064e-12
6.939119999999999733e-01 7.248450000000000280e-12
6.934949999999999726e-01 7.023219999999999633e-12
6.930779999999999719e-01 6.864020000000000069e-12
6.926609999999999712e-01 6.784249999999999895e-12
6.922439999999999705e-01 6.666929999999999745e-12
6.918260000000000520e-01 6.580549999999999864e-12
6.914090000000000513e-01 6.542919999999999751e-12
6.909920000000000506e-01 6.438090000000000086e-12
6.905750000000000499e-01 6.443069999999999929e-12
6.901580000000000492e-01 6.460620000000000395e-12
6.897410000000000485e-01 6.523759999999999659e-12
6.893240000000000478e-01 6.648240000000000356e-12
6.889070000000000471e-01 6.790269999999999904e-12
6.884900000000000464e-01 7.017819999999999676e-12
6.880730000000000457e-01 7.234659999999999790e-12
6.876560000000000450e-01 7.590160000000000043e-12
6.872390000000000443e-01 8.061279999999999756e-12
6.868220000000000436e-01 8.607189999999999799e-12
6.864050000000000429e-01 9.269160000000000461e-12
6.859880000000000422e-01 1.018069999999999922e-11
6.855710000000000415e-01 1.154819999999999960e-11
6.851540000000000408e-01 1.286149999999999967e-11
6.847370000000000401e-01 1.438559999999999961e-11
6.843200000000000394e-01 1.605149999999999880e-11
6.839030000000000387e-01 1.774189999999999976e-11
6.834860000000000380e-01 1.926619999999999883e-11
6.830690000000000373e-01 2.070859999999999842e-11
6.826520000000000366e-01 2.205290000000000108e-11
6.822350000000000358e-01 2.312200000000000104e-11
6.818180000000000351e-01 2.388359999999999973e-11
6.814010000000000344e-01 2.433150000000000149e-11
6.809840000000000337e-01 2.434640000000000135e-11
6.805670000000000330e-01 2.411549999999999998e-11
6.801500000000000323e-01 2.356269999999999854e-11
6.797330000000000316e-01 2.287479999999999942e-11
6.793160000000000309e-01 2.205489999999999885e-11
6.788990000000000302e-01 2.040569999999999978e-11
6.784820000000000295e-01 1.897420000000000128e-11
6.780650000000000288e-01 1.744140000000000038e-11
6.776480000000000281e-01 1.571740000000000005e-11
6.772310000000000274e-01 1.387179999999999992e-11
6.768140000000000267e-01 1.281110000000000061e-11
6.763970000000000260e-01 1.179530000000000004e-11
6.759800000000000253e-01 1.072570000000000063e-11
6.755630000000000246e-01 9.931510000000000764e-12
6.751460000000000239e-01 9.262600000000000538e-12
6.747290000000000232e-01 8.844929999999999552e-12
6.743120000000000225e-01 8.470299999999999562e-12
6.738950000000000218e-01 8.164519999999999223e-12
6.734780000000000211e-01 7.934960000000000754e-12
6.730610000000000204e-01 7.729919999999999439e-12
6.726440000000000197e-01 7.579780000000000242e-12
6.722270000000000190e-01 7.449009999999999579e-12
6.718100000000000183e-01 7.320619999999999557e-12
6.713930000000000176e-01 7.126080000000000267e-12
6.709760000000000169e-01 6.921509999999999655e-12
6.705590000000000162e-01 6.752590000000000008e-12
6.701420000000000154e-01 6.620580000000000048e-12
6.697250000000000147e-01 6.480220000000000028e-12
6.693080000000000140e-01 6.322360000000000133e-12
6.688910000000000133e-01 6.134590000000000016e-12
6.684740000000000126e-01 5.930830000000000084e-12
6.680570000000000119e-01 5.773520000000000222e-12
6.676400000000000112e-01 5.578590000000000365e-12
6.672230000000000105e-01 5.408619999999999626e-12
6.668060000000000098e-01 5.209859999999999775e-12
6.663890000000000091e-01 5.002590000000000396e-12
6.659720000000000084e-01 4.815560000000000132e-12
6.655550000000000077e-01 4.664909999999999759e-12
6.651380000000000070e-01 4.554190000000000005e-12
6.647210000000000063e-01 4.455279999999999975e-12
6.643040000000000056e-01 4.328840000000000364e-12
6.638870000000000049e-01 4.228490000000000292e-12
6.634689999999999754e-01 4.170569999999999666e-12
6.630519999999999747e-01 4.103829999999999892e-12
6.626360000000000028e-01 4.133709999999999761e-12
6.622179999999999733e-01 4.216180000000000317e-12
6.618009999999999726e-01 4.237730000000000362e-12
6.613839999999999719e-01 4.293219999999999755e-12
6.609669999999999712e-01 4.415859999999999725e-12
6.605499999999999705e-01 4.605560000000000017e-12
6.601329999999999698e-01 4.748460000000000145e-12
6.597159999999999691e-01 5.129170000000000045e-12
6.592989999999999684e-01 5.556779999999999674e-12
6.588819999999999677e-01 6.077329999999999914e-12
6.584649999999999670e-01 6.777609999999999834e-12
6.580479999999999663e-01 7.619469999999999642e-12
6.576309999999999656e-01 8.649939999999999794e-12
6.572139999999999649e-01 9.780640000000000217e-12
6.567969999999999642e-01 1.099740000000000078e-11
6.563799999999999635e-01 1.216889999999999998e-11
6.559629999999999628e-01 1.333790000000000035e-11
6.555459999999999621e-01 1.447739999999999968e-11
6.551289999999999614e-01 1.555329999999999917e-11
6.547119999999999607e-01 1.636560000000000046e-11
6.542949999999999600e-01 1.699730000000000150e-11
6.538779999999999593e-01 1.733430000000000057e-11
6.534609999999999586e-01 1.750890000000000105e-11
6.530439999999999579e-01 1.742149999999999963e-11
6.526269999999999571e-01 1.699119999999999893e-11
6.522099999999999564e-01 1.638889999999999936e-11
6.517929999999999557e-01 1.543470000000000087e-11
6.513759999999999550e-01 1.426449999999999925e-11
6.509589999999999543e-01 1.297889999999999996e-11
6.505419999999999536e-01 1.167250000000000060e-11
6.501249999999999529e-01 1.034089999999999929e-11
6.497079999999999522e-01 8.883030000000000369e-12
6.492909999999999515e-01 7.774790000000000236e-12
6.488739999999999508e-01 6.638120000000000395e-12
6.484569999999999501e-01 5.717249999999999696e-12
6.480399999999999494e-01 4.960180000000000378e-12
6.476229999999999487e-01 4.400500000000000081e-12
6.472059999999999480e-01 3.913469999999999883e-12
6.467889999999999473e-01 3.573519999999999903e-12
6.463719999999999466e-01 3.301000000000000172e-12
6.459549999999999459e-01 3.103439999999999951e-12
6.455379999999999452e-01 2.975300000000000055e-12
6.451210000000000555e-01 2.856080000000000084e-12
6.447040000000000548e-01 2.754559999999999927e-12
6.442870000000000541e-01 2.663449999999999925e-12
6.438700000000000534e-01 2.606730000000000142e-12
6.434530000000000527e-01 2.513500000000000145e-12
6.430360000000000520e-01 2.449470000000000063e-12
6.426190000000000513e-01 2.383689999999999913e-12
6.422020000000000506e-01 2.301310000000000016e-12
6.417850000000000499e-01 2.221639999999999811e-12
6.413680000000000492e-01 2.153060000000000117e-12
6.409510000000000485e-01 2.062949999999999808e-12
6.405340000000000478e-01 1.999130000000000187e-12
6.401170000000000471e-01 1.925029999999999927e-12
6.397000000000000464e-01 1.844649999999999819e-12
6.392830000000000457e-01 1.762450000000000028e-12
6.388660000000000450e-01 1.680259999999999951e-12
6.384490000000000443e-01 1.611560000000000052e-12
6.380320000000000435e-01 1.546150000000000031e-12
6.376150000000000428e-01 1.492900000000000030e-12
6.371980000000000421e-01 1.419870000000000088e-12
6.367810000000000414e-01 1.341740000000000097e-12
6.363640000000000407e-01 1.326240000000000011e-12
6.359470000000000400e-01 1.284760000000000071e-12
6.355300000000000393e-01 1.262240000000000082e-12
6.351130000000000386e-01 1.220680000000000005e-12
6.346960000000000379e-01 1.243209999999999910e-12
6.342790000000000372e-01 1.238579999999999959e-12
6.338620000000000365e-01 1.275889999999999928e-12
6.334440000000000071e-01 1.306569999999999955e-12
6.330270000000000064e-01 1.353570000000000058e-12
6.326100000000000056e-01 1.420090000000000061e-12
6.321930000000000049e-01 1.495330000000000051e-12
6.317760000000000042e-01 1.599930000000000030e-12
6.313590000000000035e-01 1.681640000000000093e-12
6.309420000000000028e-01 1.910210000000000198e-12
6.305250000000000021e-01 2.227200000000000042e-12
6.301080000000000014e-01 2.557170000000000099e-12
6.296910000000000007e-01 2.843209999999999958e-12
6.292740000000000000e-01 3.341529999999999798e-12
6.288569999999999993e-01 3.779500000000000203e-12
6.284399999999999986e-01 4.179619999999999916e-12
6.280229999999999979e-01 4.691389999999999864e-12
6.276059999999999972e-01 5.055829999999999875e-12
6.271889999999999965e-01 5.357049999999999676e-12
6.267719999999999958e-01 5.551020000000000312e-12
6.263549999999999951e-01 5.723209999999999804e-12
6.259379999999999944e-01 5.755919999999999974e-12
6.255209999999999937e-01 5.757460000000000390e-12
6.251039999999999930e-01 5.690220000000000365e-12
6.246869999999999923e-01 5.509799999999999807e-12
6.242699999999999916e-01 5.158749999999999602e-12
6.238529999999999909e-01 4.730179999999999944e-12
6.234359999999999902e-01 4.289990000000000383e-12
6.230189999999999895e-01 3.796349999999999672e-12
6.226019999999999888e-01 3.275329999999999939e-12
6.221849999999999881e-01 2.722449999999999976e-12
6.217679999999999874e-01 2.218150000000000196e-12
6.213509999999999867e-01 1.749880000000000012e-12
6.209339999999999860e-01 1.353409999999999986e-12
6.205169999999999852e-01 1.008740000000000001e-12
6.200999999999999845e-01 7.499940000000000049e-13
6.196829999999999838e-01 5.328670000000000154e-13
6.192659999999999831e-01 3.838969999999999948e-13
6.188489999999999824e-01 2.704060000000000193e-13
6.184319999999999817e-01 2.001339999999999881e-13
6.180149999999999810e-01 1.505860000000000058e-13
6.175979999999999803e-01 1.238340000000000002e-13
6.171809999999999796e-01 8.281680000000000260e-14
6.167639999999999789e-01 6.327289999999999992e-14
6.163469999999999782e-01 4.007900000000000143e-14
6.159299999999999775e-01 3.416600000000000179e-14
6.155129999999999768e-01 2.144789999999999891e-14
6.150959999999999761e-01 1.831869999999999847e-14
6.146789999999999754e-01 1.358349999999999994e-14
6.142619999999999747e-01 1.548270000000000051e-14
6.138449999999999740e-01 8.445070000000000575e-15
6.134279999999999733e-01 5.230250000000000136e-15
6.130109999999999726e-01 1.140389999999999979e-15
6.125939999999999719e-01 -4.599289999999999839e-15
6.121769999999999712e-01 7.635379999999999836e-15
6.117599999999999705e-01 -4.106200000000000340e-15
6.113429999999999698e-01 -6.322959999999999703e-15
6.109259999999999691e-01 2.823100000000000060e-15
6.105089999999999684e-01 4.766790000000000293e-15
6.100919999999999677e-01 -2.537519999999999865e-15
6.096749999999999670e-01 8.007580000000000638e-15
6.092579999999999663e-01 -4.293369999999999791e-15
6.088409999999999656e-01 8.043510000000000416e-15
6.084239999999999648e-01 1.434010000000000005e-15
6.080069999999999641e-01 5.741829999999999665e-15
6.075899999999999634e-01 2.043919999999999891e-15
6.071729999999999627e-01 4.245350000000000245e-15
6.067559999999999620e-01 3.541340000000000072e-15
6.063389999999999613e-01 5.799830000000000213e-15
6.059219999999999606e-01 1.036890000000000013e-14
6.055049999999999599e-01 1.628799999999999961e-14
6.050879999999999592e-01 1.103960000000000055e-14
6.046709999999999585e-01 -5.033519999999999797e-15
6.042539999999999578e-01 -3.289039999999999897e-15
6.038360000000000394e-01 -5.427850000000000034e-15
6.034190000000000387e-01 9.236730000000000505e-15
6.030020000000000380e-01 3.125300000000000120e-15
6.025850000000000373e-01 1.443940000000000030e-14
6.021680000000000366e-01 1.403170000000000079e-15
6.017510000000000359e-01 8.561970000000000561e-15
6.013340000000000352e-01 -4.458960000000000180e-15
6.009170000000000345e-01 7.639050000000000150e-15
6.005000000000000338e-01 3.725059999999999831e-15
6.000830000000000330e-01 4.816899999999999839e-15
5.996660000000000323e-01 3.381100000000000056e-15
5.992490000000000316e-01 7.222209999999999475e-15
5.988320000000000309e-01 5.091500000000000002e-15
5.984150000000000302e-01 2.527820000000000122e-15
5.979980000000000295e-01 -7.275860000000000652e-15
5.975810000000000288e-01 1.236039999999999945e-14
5.971640000000000281e-01 -2.969280000000000002e-15
5.967470000000000274e-01 8.389059999999999887e-15
5.963300000000000267e-01 1.302209999999999993e-14
5.959130000000000260e-01 8.209720000000000409e-16
5.954960000000000253e-01 -6.959680000000000315e-15
5.950790000000000246e-01 -3.826509999999999931e-15
5.946620000000000239e-01 -8.449150000000000436e-16
5.942450000000000232e-01 9.111460000000000740e-15
5.938280000000000225e-01 1.557649999999999979e-15
5.934110000000000218e-01 -1.410139999999999994e-14
5.929940000000000211e-01 -5.787309999999999765e-15
5.925770000000000204e-01 3.365190000000000158e-15
5.921600000000000197e-01 -3.778119999999999948e-15
5.917430000000000190e-01 1.432549999999999977e-14
5.913260000000000183e-01 1.290930000000000015e-14
5.909090000000000176e-01 5.964259999999999613e-15
5.904920000000000169e-01 -4.001589999999999613e-15
5.900750000000000162e-01 6.898510000000000151e-15
5.896580000000000155e-01 -2.420099999999999934e-17
5.892410000000000148e-01 -1.327119999999999958e-15
5.888240000000000141e-01 4.125790000000000329e-15
5.884070000000000134e-01 8.758189999999999636e-15
5.879900000000000126e-01 1.103960000000000055e-14
5.875730000000000119e-01 1.821980000000000075e-15
5.871560000000000112e-01 -1.720290000000000034e-14
5.867390000000000105e-01 1.188200000000000020e-14
5.863220000000000098e-01 1.136890000000000060e-14
5.859050000000000091e-01 -9.042939999999999382e-15
5.854880000000000084e-01 1.486399999999999856e-14
5.850710000000000077e-01 9.863779999999999522e-15
5.846540000000000070e-01 3.621829999999999926e-15
5.842370000000000063e-01 8.525770000000000486e-15
5.838200000000000056e-01 6.295420000000000048e-15
5.834030000000000049e-01 1.149709999999999980e-14
5.829860000000000042e-01 5.108820000000000054e-15
5.825690000000000035e-01 1.767379999999999937e-14
5.821520000000000028e-01 7.715039999999999833e-16
5.817350000000000021e-01 7.189959999999999789e-16
5.813180000000000014e-01 6.514470000000000324e-15
5.809010000000000007e-01 -6.231839999999999911e-15
5.804840000000000000e-01 2.582219999999999980e-15
5.800669999999999993e-01 -1.596010000000000073e-15
5.796499999999999986e-01 8.681490000000000578e-15
5.792329999999999979e-01 -4.530870000000000199e-15
5.788159999999999972e-01 -4.185959999999999885e-15
5.783989999999999965e-01 -9.396699999999999927e-17
5.779819999999999958e-01 5.789749999999999860e-15
5.775649999999999951e-01 4.095330000000000225e-15
5.771479999999999944e-01 -3.534930000000000033e-15
5.767309999999999937e-01 -2.105269999999999892e-16
5.763139999999999930e-01 6.029210000000000008e-15
5.758969999999999922e-01 2.098479999999999973e-14
5.754799999999999915e-01 8.678289999999999264e-15
5.750629999999999908e-01 6.145890000000000161e-15
5.746459999999999901e-01 6.486670000000000148e-15
5.742289999999999894e-01 2.411639999999999879e-15
5.738109999999999600e-01 -6.037289999999999934e-15
5.733939999999999593e-01 5.885690000000000390e-15
5.729769999999999586e-01 1.311210000000000060e-15
5.725599999999999579e-01 -7.246130000000000069e-15
5.721429999999999572e-01 1.952419999999999883e-15
5.717259999999999565e-01 -2.674669999999999836e-16
5.713089999999999558e-01 9.384849999999999449e-15
5.708919999999999551e-01 -8.414649999999999579e-15
5.704749999999999543e-01 1.445959999999999933e-15
5.700579999999999536e-01 6.573640000000000061e-15
5.696409999999999529e-01 2.696249999999999981e-15
5.692239999999999522e-01 1.203029999999999987e-14
5.688069999999999515e-01 -7.982100000000000074e-15
5.683899999999999508e-01 8.016059999999999545e-15
5.679729999999999501e-01 5.598410000000000186e-15
5.675559999999999494e-01 2.993630000000000092e-15
5.671389999999999487e-01 -1.339510000000000027e-14
5.667219999999999480e-01 -5.905759999999999945e-15
5.663049999999999473e-01 -2.760890000000000180e-15
5.658879999999999466e-01 -5.926309999999999855e-15
5.654709999999999459e-01 -1.599580000000000011e-14
5.650539999999999452e-01 1.501880000000000021e-14
5.646369999999999445e-01 5.023789999999999736e-16
5.642200000000000548e-01 2.536859999999999969e-15
5.638030000000000541e-01 3.692100000000000253e-17
5.633860000000000534e-01 -3.323200000000000042e-15
5.629690000000000527e-01 -4.968339999999999988e-16
5.625520000000000520e-01 1.281810000000000016e-15
5.621350000000000513e-01 4.798559999999999624e-15
5.617180000000000506e-01 -5.192990000000000000e-15
5.613010000000000499e-01 -3.532270000000000104e-15
5.608840000000000492e-01 9.433869999999999602e-15
5.604670000000000485e-01 7.649530000000000273e-15
5.600500000000000478e-01 -8.196079999999999658e-15
5.596330000000000471e-01 4.787959999999999807e-15
5.592160000000000464e-01 6.025560000000000037e-15
5.587990000000000457e-01 5.567329999999999689e-15
5.583820000000000450e-01 7.479169999999999611e-15
5.579650000000000443e-01 -3.056409999999999901e-15
5.575480000000000436e-01 1.271640000000000090e-15
5.571310000000000429e-01 -4.113229999999999983e-15
5.567140000000000422e-01 -1.527099999999999906e-15
5.562970000000000415e-01 -5.822680000000000180e-15
5.558800000000000407e-01 4.230260000000000230e-15
5.554630000000000400e-01 5.418990000000000123e-15
5.550460000000000393e-01 -6.898680000000000310e-15
5.546290000000000386e-01 5.695799999999999980e-15
5.542120000000000379e-01 -5.768300000000000271e-15
5.537950000000000372e-01 9.941199999999999900e-15
5.533780000000000365e-01 4.584829999999999600e-16
5.529610000000000358e-01 -2.433220000000000123e-16
5.525440000000000351e-01 7.644449999999999804e-15
5.521270000000000344e-01 1.884610000000000069e-15
5.517100000000000337e-01 3.807809999999999844e-15
5.512930000000000330e-01 1.442030000000000084e-15
5.508760000000000323e-01 8.214060000000000002e-15
5.504590000000000316e-01 2.712200000000000171e-15
5.500420000000000309e-01 5.669269999999999922e-15
5.496250000000000302e-01 -2.349110000000000024e-15
5.492080000000000295e-01 2.848920000000000153e-16
5.487910000000000288e-01 4.427570000000000275e-15
5.483740000000000281e-01 1.334999999999999960e-14
5.479570000000000274e-01 1.843199999999999974e-14
5.475400000000000267e-01 1.635769999999999994e-14
5.471230000000000260e-01 1.577810000000000133e-14
5.467060000000000253e-01 8.679539999999999827e-15
5.462890000000000246e-01 1.499160000000000008e-14
5.458720000000000239e-01 1.515450000000000121e-14
5.454550000000000232e-01 2.082709999999999876e-15
5.450380000000000225e-01 1.527959999999999845e-14
5.446210000000000218e-01 -3.257309999999999872e-16
5.442040000000000211e-01 -3.399500000000000118e-15
5.437859999999999916e-01 2.577229999999999873e-15
5.433689999999999909e-01 1.183090000000000061e-14
5.429519999999999902e-01 -8.907419999999999400e-17
5.425349999999999895e-01 1.081639999999999961e-14
5.421179999999999888e-01 -4.353659999999999830e-15
5.417009999999999881e-01 -1.724249999999999964e-15
5.412839999999999874e-01 3.475750000000000124e-15
5.408669999999999867e-01 5.010060000000000004e-15
5.404499999999999860e-01 2.162749999999999891e-15
5.400329999999999853e-01 6.650040000000000277e-15
5.396159999999999846e-01 1.864590000000000111e-14
5.391989999999999839e-01 -4.128190000000000033e-16
5.387819999999999832e-01 -1.215970000000000075e-14
5.383649999999999824e-01 -1.190820000000000090e-15
5.379479999999999817e-01 8.024310000000000419e-15
5.375309999999999810e-01 3.976139999999999959e-15
5.371139999999999803e-01 -2.916000000000000051e-15
5.366969999999999796e-01 4.863580000000000037e-15
5.362799999999999789e-01 7.844119999999999359e-15
5.358629999999999782e-01 -4.451329999999999699e-15
5.354459999999999775e-01 -2.032229999999999892e-15
5.350289999999999768e-01 5.139439999999999751e-15
5.346119999999999761e-01 2.724690000000000104e-15
5.341949999999999754e-01 -7.081400000000000249e-15
5.337779999999999747e-01 -8.227900000000000045e-16
5.333609999999999740e-01 1.229390000000000044e-14
5.329439999999999733e-01 -2.958979999999999815e-15
5.325269999999999726e-01 -3.851109999999999779e-16
5.321099999999999719e-01 4.725530000000000092e-15
5.316929999999999712e-01 6.908890000000000134e-15
5.312759999999999705e-01 1.273180000000000071e-14
5.308589999999999698e-01 4.910959999999999636e-15
5.304419999999999691e-01 -2.116039999999999966e-15
5.300249999999999684e-01 -4.557169999999999857e-16
5.296079999999999677e-01 -4.040609999999999998e-15
5.291909999999999670e-01 6.090399999999999726e-15
5.287739999999999663e-01 3.076779999999999875e-15
5.283569999999999656e-01 5.660599999999999724e-15
5.279399999999999649e-01 2.918649999999999809e-15
5.275229999999999642e-01 5.226069999999999741e-16
5.271059999999999635e-01 6.758289999999999620e-15
5.266889999999999628e-01 9.457140000000000472e-15
5.262719999999999620e-01 1.716860000000000055e-14
5.258549999999999613e-01 -4.728199999999999798e-15
5.254379999999999606e-01 -1.008269999999999914e-15
5.250209999999999599e-01 5.912120000000000308e-15
5.246039999999999592e-01 4.405989999999999637e-15
5.241869999999999585e-01 2.965430000000000147e-15
5.237699999999999578e-01 1.161569999999999980e-14
5.233529999999999571e-01 -2.843290000000000099e-15
5.229359999999999564e-01 8.428910000000000722e-15
5.225189999999999557e-01 -5.447640000000000302e-15
5.221019999999999550e-01 -3.617150000000000016e-15
5.216849999999999543e-01 6.265720000000000374e-15
5.212679999999999536e-01 5.451559999999999782e-15
5.208509999999999529e-01 2.418599999999999897e-15
5.204339999999999522e-01 -4.642110000000000010e-15
5.200169999999999515e-01 -2.415530000000000027e-15
5.195999999999999508e-01 7.545909999999999587e-15
5.191829999999999501e-01 1.050479999999999983e-14
5.187659999999999494e-01 -9.026710000000000250e-17
5.183489999999999487e-01 5.841469999999999841e-16
5.179319999999999480e-01 2.804200000000000089e-15
5.175149999999999473e-01 5.807429999999999785e-15
5.170979999999999466e-01 -6.639929999999999803e-15
5.166809999999999459e-01 3.824429999999999708e-15
5.162639999999999452e-01 -8.054580000000000022e-15
5.158470000000000555e-01 -3.230609999999999853e-15
5.154290000000000260e-01 3.769650000000000029e-15
5.150130000000000541e-01 8.053200000000000776e-15
5.145960000000000534e-01 -3.486020000000000191e-15
5.141780000000000239e-01 2.330170000000000154e-15
5.137610000000000232e-01 8.940030000000000240e-15
5.133440000000000225e-01 5.808720000000000245e-15
5.129270000000000218e-01 6.485759999999999903e-15
5.125100000000000211e-01 -2.861809999999999855e-15
5.120930000000000204e-01 1.743019999999999991e-14
5.116760000000000197e-01 2.003639999999999954e-15
5.112590000000000190e-01 -9.516790000000000958e-16
5.108420000000000183e-01 4.954019999999999985e-15
5.104250000000000176e-01 1.016439999999999927e-14
5.100080000000000169e-01 5.447299999999999985e-15
5.095910000000000162e-01 -9.107269999999999384e-15
5.091740000000000155e-01 -1.550110000000000057e-15
5.087570000000000148e-01 -1.568460000000000089e-14
5.083400000000000141e-01 -7.552429999999999543e-15
5.079230000000000134e-01 -8.225839999999999574e-15
5.075060000000000127e-01 7.811029999999999643e-16
5.070890000000000120e-01 -8.046459999999999408e-15
5.066720000000000113e-01 -1.200719999999999916e-15
5.062550000000000106e-01 8.348139999999999214e-15
5.058380000000000098e-01 3.705049999999999926e-16
5.054210000000000091e-01 7.099610000000000204e-15
5.050040000000000084e-01 2.996049999999999844e-15
5.045870000000000077e-01 1.771410000000000123e-14
5.041700000000000070e-01 9.690039999999999977e-15
5.037530000000000063e-01 1.029119999999999967e-14
5.033360000000000056e-01 -6.216039999999999930e-15
5.029190000000000049e-01 -1.431419999999999898e-14
5.025020000000000042e-01 -6.986680000000000162e-15
5.020850000000000035e-01 -1.072220000000000056e-14
5.016680000000000028e-01 -2.387880000000000061e-15
5.012510000000000021e-01 1.262670000000000064e-15
5.008340000000000014e-01 3.538759999999999939e-15
5.004170000000000007e-01 -3.382839999999999962e-15
