9.999109999999999943e-01 -7.125409999999999827e-13
9.989059999999999606e-01 -3.513989999999999752e-13
9.979069999999999885e-01 -5.113890000000000336e-13
9.969080000000000163e-01 -8.799780000000000093e-13
9.959029999999999827e-01 -6.170940000000000361e-13
9.949059999999999571e-01 -8.099240000000000333e-13
9.939040000000000097e-01 -2.304749999999999848e-13
9.929010000000000336e-01 -3.422420000000000072e-13
9.919040000000000079e-01 -2.719829999999999832e-13
9.909000000000000030e-01 1.909919999999999954e-13
9.898989999999999734e-01 -2.477810000000000021e-13
9.889010000000000300e-01 -5.787970000000000529e-14
9.878959999999999964e-01 -2.911729999999999751e-13
9.868980000000000530e-01 -5.160789999999999864e-13
9.858970000000000233e-01 4.180930000000000038e-13
9.848930000000000184e-01 2.566549999999999802e-13
9.838959999999999928e-01 -1.034730000000000025e-13
9.828930000000000167e-01 -1.385470000000000103e-13
9.818909999999999583e-01 1.090750000000000048e-13
9.808940000000000436e-01 -1.758579999999999952e-14
9.798890000000000100e-01 3.556900000000000222e-13
9.788900000000000379e-01 1.126449999999999961e-13
9.778909999999999547e-01 -5.293800000000000122e-13
9.768860000000000321e-01 6.811700000000000147e-13
9.758890000000000065e-01 7.801389999999999739e-13
9.748869999999999481e-01 5.336809999999999754e-13
9.738830000000000542e-01 1.192860000000000029e-13
9.728869999999999463e-01 7.184519999999999764e-13
9.718830000000000524e-01 5.987809999999999706e-13
9.708820000000000228e-01 4.809749999999999776e-13
9.698839999999999684e-01 8.784249999999999653e-13
9.688790000000000457e-01 7.858519999999999719e-13
9.678799999999999626e-01 4.854950000000000432e-13
9.668799999999999617e-01 1.070800000000000042e-12
9.658759999999999568e-01 8.567970000000000296e-13
9.648790000000000422e-01 6.032049999999999526e-13
9.638759999999999550e-01 1.691810000000000038e-12
9.628740000000000077e-01 7.733099999999999633e-13
9.618769999999999820e-01 8.306070000000000170e-13
9.608719999999999484e-01 9.637190000000000863e-13
9.598719999999999475e-01 1.540309999999999926e-12
9.588740000000000041e-01 1.885669999999999981e-12
9.578680000000000527e-01 1.090740000000000056e-12
9.568710000000000271e-01 1.514459999999999991e-12
9.558699999999999974e-01 1.379639999999999966e-12
9.548659999999999926e-01 1.937980000000000190e-12
9.538689999999999669e-01 1.539910000000000049e-12
9.528649999999999620e-01 1.290810000000000030e-12
9.518640000000000434e-01 1.250859999999999983e-12
9.508670000000000178e-01 1.413869999999999912e-12
9.498609999999999554e-01 1.668139999999999999e-12
9.488630000000000120e-01 1.971120000000000188e-12
9.478630000000000111e-01 1.836530000000000051e-12
9.468579999999999774e-01 1.782270000000000038e-12
9.458619999999999806e-01 2.311130000000000069e-12
9.448590000000000044e-01 1.976960000000000090e-12
9.438560000000000283e-01 1.673920000000000000e-12
9.428600000000000314e-01 2.212840000000000091e-12
9.418549999999999978e-01 2.468369999999999912e-12
9.408549999999999969e-01 2.572600000000000165e-12
9.398560000000000247e-01 2.783289999999999947e-12
9.388509999999999911e-01 2.879359999999999961e-12
9.378539999999999655e-01 2.829459999999999941e-12
9.368520000000000181e-01 2.627170000000000003e-12
9.358490000000000419e-01 3.050340000000000107e-12
9.348520000000000163e-01 3.307269999999999902e-12
9.338480000000000114e-01 3.201130000000000114e-12
9.328469999999999818e-01 2.424300000000000080e-12
9.318490000000000384e-01 3.004440000000000070e-12
9.308440000000000047e-01 2.449720000000000188e-12
9.298459999999999503e-01 2.722360000000000125e-12
9.288459999999999495e-01 3.365420000000000012e-12
9.278410000000000268e-01 3.217210000000000182e-12
9.268440000000000012e-01 3.142920000000000102e-12
9.258420000000000538e-01 2.948549999999999992e-12
9.248389999999999667e-01 3.129659999999999813e-12
9.238420000000000520e-01 3.338079999999999848e-12
9.228380000000000472e-01 3.461900000000000021e-12
9.218380000000000463e-01 3.140870000000000126e-12
9.208389999999999631e-01 3.978919999999999771e-12
9.198340000000000405e-01 3.554529999999999799e-12
9.188359999999999861e-01 3.664479999999999750e-12
9.178349999999999564e-01 3.953419999999999930e-12
9.168309999999999516e-01 4.453359999999999918e-12
9.158349999999999547e-01 3.841489999999999619e-12
9.148309999999999498e-01 4.341270000000000141e-12
9.138300000000000312e-01 4.125029999999999842e-12
9.128319999999999768e-01 4.143689999999999684e-12
9.118270000000000541e-01 4.523920000000000377e-12
9.108279999999999710e-01 4.590629999999999797e-12
9.098289999999999988e-01 5.262970000000000141e-12
9.088239999999999652e-01 4.841410000000000067e-12
9.078270000000000506e-01 4.655609999999999789e-12
9.068249999999999922e-01 4.975999999999999800e-12
9.058220000000000161e-01 5.234409999999999705e-12
9.048249999999999904e-01 5.110250000000000364e-12
9.038199999999999568e-01 4.849410000000000033e-12
9.028199999999999559e-01 4.936189999999999791e-12
9.018220000000000125e-01 5.472830000000000218e-12
9.008169999999999789e-01 5.637369999999999838e-12
8.998190000000000355e-01 5.811690000000000251e-12
8.988180000000000058e-01 5.322719999999999760e-12
8.978140000000000009e-01 5.414740000000000008e-12
8.968169999999999753e-01 5.544160000000000077e-12
8.958139999999999992e-01 5.046849999999999644e-12
8.948120000000000518e-01 5.594219999999999967e-12
8.938150000000000261e-01 6.151920000000000306e-12
8.928099999999999925e-01 5.573269999999999738e-12
8.918110000000000204e-01 5.811119999999999981e-12
8.908120000000000482e-01 6.251139999999999958e-12
8.898070000000000146e-01 6.662209999999999741e-12
8.888099999999999890e-01 6.861459999999999725e-12
8.878070000000000128e-01 6.961710000000000231e-12
8.868040000000000367e-01 7.131120000000000011e-12
8.858080000000000398e-01 6.882900000000000086e-12
8.848030000000000062e-01 7.323869999999999973e-12
8.838030000000000053e-01 7.474709999999999358e-12
8.828049999999999509e-01 7.689649999999999652e-12
8.817989999999999995e-01 7.279030000000000337e-12
8.808019999999999738e-01 7.989920000000000351e-12
8.798010000000000552e-01 7.454439999999999890e-12
8.787970000000000503e-01 7.514560000000000647e-12
8.778000000000000247e-01 8.522520000000000727e-12
8.767970000000000486e-01 8.068219999999999320e-12
8.757949999999999902e-01 7.739180000000000553e-12
8.747979999999999645e-01 8.131000000000000796e-12
8.737930000000000419e-01 8.116650000000000155e-12
8.727939999999999587e-01 7.908660000000000351e-12
8.717939999999999579e-01 7.936490000000000244e-12
8.707890000000000352e-01 8.093659999999999260e-12
8.697920000000000096e-01 8.175000000000000204e-12
8.687899999999999512e-01 8.464299999999999789e-12
8.677869999999999751e-01 8.184180000000000373e-12
8.667899999999999494e-01 8.751570000000000442e-12
8.657859999999999445e-01 8.329709999999999249e-12
8.647850000000000259e-01 9.505470000000000289e-12
8.637869999999999715e-01 9.200939999999999365e-12
8.627820000000000489e-01 9.608790000000000701e-12
8.617839999999999945e-01 9.848879999999999934e-12
8.607839999999999936e-01 1.065700000000000033e-11
8.597789999999999599e-01 1.041409999999999942e-11
8.587829999999999631e-01 1.103350000000000060e-11
8.577789999999999582e-01 1.141069999999999943e-11
8.567770000000000108e-01 1.112460000000000048e-11
8.557799999999999851e-01 1.127150000000000019e-11
8.547749999999999515e-01 1.117909999999999949e-11
8.537759999999999794e-01 1.162050000000000042e-11
8.527770000000000072e-01 1.113029999999999994e-11
8.517719999999999736e-01 1.129860000000000034e-11
8.507749999999999480e-01 1.184219999999999976e-11
8.497730000000000006e-01 1.137070000000000041e-11
8.487700000000000244e-01 1.123929999999999958e-11
8.477729999999999988e-01 1.141509999999999970e-11
8.467689999999999939e-01 1.135070000000000009e-11
8.457679999999999643e-01 1.100399999999999956e-11
8.447700000000000209e-01 1.125309999999999938e-11
8.437649999999999872e-01 1.155510000000000031e-11
8.427670000000000439e-01 1.223490000000000071e-11
8.417670000000000430e-01 1.158550000000000067e-11
8.407620000000000093e-01 1.158869999999999968e-11
8.397649999999999837e-01 1.130809999999999945e-11
8.387620000000000076e-01 1.176880000000000050e-11
8.377599999999999492e-01 1.206280000000000066e-11
8.367630000000000345e-01 1.261129999999999979e-11
8.357580000000000009e-01 1.278529999999999965e-11
8.347590000000000288e-01 1.347149999999999970e-11
8.337599999999999456e-01 1.399499999999999923e-11
8.327550000000000230e-01 1.409229999999999964e-11
8.317569999999999686e-01 1.513150000000000030e-11
8.307560000000000500e-01 1.510659999999999866e-11
8.297520000000000451e-01 1.471000000000000013e-11
8.287560000000000482e-01 1.653699999999999870e-11
8.277520000000000433e-01 1.629180000000000132e-11
8.267510000000000137e-01 1.562319999999999910e-11
8.257529999999999593e-01 1.530479999999999997e-11
8.247480000000000366e-01 1.635399999999999918e-11
8.237489999999999535e-01 1.572460000000000107e-11
8.227489999999999526e-01 1.521729999999999898e-11
8.217449999999999477e-01 1.577649999999999846e-11
8.207480000000000331e-01 1.575380000000000018e-11
8.197449999999999459e-01 1.523380000000000159e-11
8.187429999999999986e-01 1.464980000000000004e-11
8.177459999999999729e-01 1.497470000000000000e-11
8.167410000000000503e-01 1.534379999999999850e-11
8.157410000000000494e-01 1.495610000000000006e-11
8.147429999999999950e-01 1.464049999999999845e-11
8.137370000000000436e-01 1.525129999999999985e-11
8.127400000000000180e-01 1.541199999999999936e-11
8.117389999999999883e-01 1.512750000000000153e-11
8.107349999999999834e-01 1.541129999999999917e-11
8.097379999999999578e-01 1.551410000000000152e-11
8.087339999999999529e-01 1.585719999999999992e-11
8.077330000000000343e-01 1.703219999999999845e-11
8.067360000000000086e-01 1.755220000000000027e-11
8.057299999999999462e-01 1.827229999999999839e-11
8.047320000000000029e-01 1.903209999999999844e-11
8.037320000000000020e-01 1.966270000000000102e-11
8.027269999999999683e-01 2.084780000000000089e-11
8.017309999999999715e-01 2.130210000000000068e-11
8.007279999999999953e-01 2.087849999999999994e-11
7.997250000000000192e-01 2.113499999999999991e-11
7.987290000000000223e-01 2.122910000000000130e-11
7.977239999999999887e-01 2.036659999999999846e-11
7.967239999999999878e-01 2.065699999999999973e-11
7.957250000000000156e-01 1.992360000000000126e-11
7.947199999999999820e-01 1.949760000000000125e-11
7.937229999999999563e-01 1.905419999999999933e-11
7.927220000000000377e-01 1.933410000000000099e-11
7.917180000000000328e-01 1.949569999999999982e-11
7.907210000000000072e-01 1.870409999999999903e-11
7.897170000000000023e-01 1.855469999999999888e-11
7.887159999999999727e-01 1.840649999999999998e-11
7.877189999999999470e-01 1.813330000000000150e-11
7.867129999999999956e-01 1.776579999999999928e-11
7.857150000000000523e-01 1.848660000000000082e-11
7.847150000000000514e-01 1.807540000000000111e-11
7.837100000000000177e-01 1.823419999999999919e-11
7.827129999999999921e-01 1.886040000000000151e-11
7.817110000000000447e-01 1.899309999999999992e-11
7.807079999999999576e-01 1.958569999999999964e-11
7.797110000000000429e-01 2.062640000000000024e-11
7.787070000000000380e-01 2.175669999999999917e-11
7.777070000000000372e-01 2.275550000000000093e-11
7.767079999999999540e-01 2.438580000000000137e-11
7.757030000000000314e-01 2.532720000000000057e-11
7.747049999999999770e-01 2.569119999999999861e-11
7.737039999999999473e-01 2.631719999999999857e-11
7.727000000000000535e-01 2.683809999999999971e-11
7.717039999999999456e-01 2.613769999999999999e-11
7.707000000000000517e-01 2.567740000000000043e-11
7.696979999999999933e-01 2.477579999999999950e-11
7.687009999999999676e-01 2.463699999999999852e-11
7.676960000000000450e-01 2.379749999999999912e-11
7.666969999999999619e-01 2.263099999999999919e-11
7.656979999999999897e-01 2.223650000000000123e-11
7.646929999999999561e-01 2.171460000000000120e-11
7.636960000000000415e-01 2.183440000000000075e-11
7.626939999999999831e-01 2.135879999999999983e-11
7.616910000000000069e-01 2.116590000000000132e-11
7.606939999999999813e-01 2.098049999999999931e-11
7.596889999999999477e-01 1.988179999999999875e-11
7.586889999999999468e-01 2.035389999999999873e-11
7.576910000000000034e-01 2.019459999999999960e-11
7.566859999999999697e-01 1.996419999999999929e-11
7.556880000000000264e-01 1.988270000000000130e-11
7.546869999999999967e-01 2.007450000000000135e-11
7.536829999999999918e-01 2.067959999999999844e-11
7.526859999999999662e-01 2.135050000000000036e-11
7.516829999999999901e-01 2.198189999999999946e-11
7.506810000000000427e-01 2.414989999999999911e-11
7.496840000000000170e-01 2.553380000000000092e-11
7.486789999999999834e-01 2.726910000000000060e-11
7.476800000000000113e-01 2.898749999999999942e-11
7.466810000000000391e-01 3.020369999999999983e-11
7.456749999999999767e-01 3.081039999999999966e-11
7.446789999999999798e-01 3.061190000000000288e-11
7.436760000000000037e-01 2.994229999999999854e-11
7.426730000000000276e-01 2.982400000000000217e-11
7.416770000000000307e-01 2.753880000000000136e-11
7.406719999999999970e-01 2.598050000000000143e-11
7.396719999999999962e-01 2.518310000000000000e-11
7.386740000000000528e-01 2.406149999999999880e-11
7.376679999999999904e-01 2.282669999999999845e-11
7.366700000000000470e-01 2.263039999999999857e-11
7.356700000000000461e-01 2.227600000000000080e-11
7.346660000000000412e-01 2.136960000000000136e-11
7.336690000000000156e-01 2.127970000000000110e-11
7.326660000000000394e-01 2.100299999999999845e-11
7.316639999999999810e-01 2.036509999999999852e-11
7.306669999999999554e-01 1.961520000000000067e-11
7.296620000000000328e-01 2.012179999999999934e-11
7.286620000000000319e-01 1.964019999999999865e-11
7.276629999999999487e-01 1.898490000000000002e-11
7.266580000000000261e-01 1.941989999999999968e-11
7.256610000000000005e-01 1.955180000000000157e-11
7.246590000000000531e-01 2.039839999999999919e-11
7.236559999999999659e-01 2.216430000000000159e-11
7.226590000000000513e-01 2.401430000000000038e-11
7.216550000000000464e-01 2.606659999999999881e-11
7.206540000000000168e-01 2.790240000000000115e-11
7.196569999999999911e-01 3.000659999999999697e-11
7.186510000000000398e-01 3.150049999999999891e-11
7.176529999999999854e-01 3.136359999999999936e-11
7.166529999999999845e-01 3.167739999999999910e-11
7.156479999999999508e-01 3.030789999999999933e-11
7.146519999999999539e-01 2.904769999999999951e-11
7.136479999999999491e-01 2.675090000000000065e-11
7.126460000000000017e-01 2.489970000000000062e-11
7.116489999999999760e-01 2.264589999999999906e-11
7.106440000000000534e-01 2.201890000000000021e-11
7.096449999999999703e-01 2.079769999999999891e-11
7.086459999999999981e-01 1.935149999999999969e-11
7.076409999999999645e-01 1.955870000000000066e-11
7.066440000000000499e-01 1.863590000000000140e-11
7.056419999999999915e-01 1.784629999999999838e-11
7.046379999999999866e-01 1.769630000000000084e-11
7.036419999999999897e-01 1.799339999999999884e-11
7.026379999999999848e-01 1.652610000000000084e-11
7.016369999999999552e-01 1.629889999999999955e-11
7.006390000000000118e-01 1.614920000000000070e-11
6.996339999999999781e-01 1.585359999999999941e-11
6.986360000000000348e-01 1.585799999999999968e-11
6.976360000000000339e-01 1.608010000000000052e-11
6.966310000000000002e-01 1.694620000000000063e-11
6.956339999999999746e-01 1.737960000000000079e-11
6.946309999999999985e-01 1.993330000000000110e-11
6.936290000000000511e-01 2.208410000000000119e-11
6.926320000000000254e-01 2.436210000000000097e-11
6.916269999999999918e-01 2.537229999999999843e-11
6.906280000000000197e-01 2.663679999999999894e-11
6.896290000000000475e-01 2.769539999999999930e-11
6.886240000000000139e-01 2.740360000000000089e-11
6.876259999999999595e-01 2.612850000000000120e-11
6.866250000000000409e-01 2.430389999999999866e-11
6.856210000000000360e-01 2.267839999999999998e-11
6.846250000000000391e-01 1.917459999999999950e-11
6.836210000000000342e-01 1.718270000000000028e-11
6.826200000000000045e-01 1.565199999999999995e-11
6.816219999999999501e-01 1.498130000000000039e-11
6.806170000000000275e-01 1.362190000000000035e-11
6.796180000000000554e-01 1.350119999999999986e-11
6.786180000000000545e-01 1.281539999999999970e-11
6.776140000000000496e-01 1.236430000000000054e-11
6.766170000000000240e-01 1.203060000000000005e-11
6.756140000000000478e-01 1.175419999999999933e-11
6.746119999999999894e-01 1.113470000000000020e-11
6.736149999999999638e-01 1.073430000000000042e-11
6.726100000000000412e-01 1.036780000000000031e-11
6.716100000000000403e-01 1.054189999999999974e-11
6.706119999999999859e-01 9.981229999999999870e-12
6.696060000000000345e-01 1.026049999999999975e-11
6.686090000000000089e-01 1.016550000000000066e-11
6.676079999999999792e-01 1.108450000000000028e-11
6.666039999999999743e-01 1.231460000000000005e-11
6.656069999999999487e-01 1.391370000000000038e-11
6.646030000000000548e-01 1.597900000000000047e-11
6.636020000000000252e-01 1.716079999999999853e-11
6.626049999999999995e-01 1.837270000000000147e-11
6.615990000000000482e-01 1.882470000000000157e-11
6.606009999999999938e-01 1.857999999999999878e-11
6.596009999999999929e-01 1.793739999999999988e-11
6.585959999999999592e-01 1.652840000000000054e-11
6.575999999999999623e-01 1.395819999999999923e-11
6.565969999999999862e-01 1.198360000000000076e-11
6.555940000000000101e-01 1.030710000000000078e-11
6.545969999999999844e-01 8.341870000000000684e-12
6.535929999999999795e-01 7.565189999999999998e-12
6.525929999999999787e-01 7.273169999999999795e-12
6.515940000000000065e-01 6.803189999999999812e-12
6.505889999999999729e-01 5.882960000000000208e-12
6.495919999999999472e-01 5.926569999999999858e-12
6.485910000000000286e-01 5.554729999999999698e-12
6.475859999999999950e-01 5.314420000000000290e-12
6.465899999999999981e-01 5.394930000000000318e-12
6.455859999999999932e-01 5.128710000000000267e-12
6.445849999999999635e-01 4.752039999999999611e-12
6.435870000000000202e-01 4.239669999999999846e-12
6.425819999999999865e-01 4.204109999999999945e-12
6.415840000000000432e-01 4.415169999999999654e-12
6.405840000000000423e-01 4.523920000000000377e-12
6.395790000000000086e-01 5.244100000000000243e-12
6.385819999999999830e-01 4.941440000000000399e-12
6.375800000000000356e-01 6.067440000000000246e-12
6.365769999999999484e-01 6.934770000000000348e-12
6.355800000000000338e-01 8.080649999999999904e-12
6.345760000000000289e-01 8.653910000000000634e-12
6.335749999999999993e-01 8.985309999999999808e-12
6.325769999999999449e-01 8.649960000000000030e-12
6.315720000000000223e-01 8.599859999999999668e-12
6.305739999999999679e-01 7.257589999999999976e-12
6.295730000000000492e-01 6.627799999999999688e-12
6.285690000000000444e-01 5.735820000000000090e-12
6.275730000000000475e-01 4.142319999999999660e-12
6.265690000000000426e-01 2.874639999999999957e-12
6.255669999999999842e-01 2.485289999999999803e-12
6.245699999999999585e-01 2.331369999999999991e-12
6.235650000000000359e-01 1.681360000000000017e-12
6.225659999999999528e-01 2.099770000000000049e-12
6.215669999999999806e-01 1.831750000000000147e-12
6.205619999999999470e-01 1.543439999999999934e-12
6.195650000000000324e-01 1.148599999999999973e-12
6.185629999999999740e-01 1.440880000000000016e-12
6.175589999999999691e-01 1.288729999999999902e-12
6.165629999999999722e-01 1.110519999999999998e-12
6.155580000000000496e-01 1.741830000000000061e-12
6.145580000000000487e-01 4.950939999999999501e-13
6.135599999999999943e-01 1.074909999999999910e-12
6.125549999999999606e-01 8.324349999999999765e-13
6.115570000000000173e-01 1.480110000000000041e-12
6.105559999999999876e-01 1.078270000000000009e-12
6.095519999999999827e-01 1.365309999999999965e-12
6.085549999999999571e-01 1.619410000000000064e-12
6.075519999999999810e-01 2.211139999999999805e-12
6.065500000000000336e-01 2.838559999999999973e-12
6.055530000000000079e-01 1.873850000000000139e-12
6.045479999999999743e-01 2.002519999999999832e-12
6.035490000000000022e-01 2.110510000000000061e-12
6.025500000000000300e-01 1.795560000000000076e-12
6.015439999999999676e-01 1.735260000000000020e-12
6.005470000000000530e-01 1.110689999999999986e-12
5.995449999999999946e-01 2.680090000000000145e-13
5.985420000000000185e-01 6.960129999999999949e-13
5.975460000000000216e-01 4.410750000000000164e-13
5.965409999999999879e-01 -1.739350000000000056e-13
5.955409999999999870e-01 -1.005910000000000002e-13
5.945430000000000437e-01 3.425950000000000159e-13
5.935369999999999813e-01 4.899890000000000440e-13
5.925390000000000379e-01 8.550269999999999523e-14
5.915390000000000370e-01 -1.544740000000000090e-13
5.905350000000000321e-01 1.635820000000000142e-14
5.895380000000000065e-01 2.682769999999999786e-13
5.885350000000000303e-01 1.289739999999999915e-13
5.875329999999999719e-01 -4.094799999999999879e-13
5.865359999999999463e-01 5.108520000000000330e-13
5.855310000000000237e-01 -9.505290000000000436e-14
5.845310000000000228e-01 -1.003279999999999942e-13
5.835320000000000507e-01 -1.886580000000000076e-13
5.825270000000000170e-01 6.219060000000000362e-13
5.815299999999999914e-01 1.102290000000000042e-13
5.805280000000000440e-01 -3.080100000000000174e-14
5.795249999999999568e-01 -4.227799999999999792e-14
5.785280000000000422e-01 -2.111579999999999874e-13
5.775240000000000373e-01 5.545320000000000044e-13
5.765230000000000077e-01 1.441700000000000057e-13
5.755249999999999533e-01 -1.499130000000000045e-13
5.745200000000000307e-01 3.054910000000000157e-13
5.735219999999999763e-01 1.447339999999999920e-13
5.725219999999999754e-01 2.222810000000000098e-13
5.715170000000000528e-01 -4.475459999999999718e-14
5.705209999999999448e-01 2.589470000000000072e-13
5.695179999999999687e-01 -2.345320000000000047e-13
5.685149999999999926e-01 3.241940000000000295e-14
5.675179999999999669e-01 2.109770000000000044e-14
5.665130000000000443e-01 -3.357360000000000187e-15
5.655139999999999612e-01 2.235010000000000036e-13
5.645149999999999890e-01 -7.207599999999999500e-14
5.635099999999999554e-01 2.331380000000000109e-14
5.625130000000000408e-01 -4.235359999999999939e-13
5.615109999999999824e-01 6.788749999999999724e-13
5.605069999999999775e-01 4.171959999999999926e-13
5.595109999999999806e-01 -1.366589999999999986e-13
5.585069999999999757e-01 5.475459999999999875e-14
5.575059999999999460e-01 1.998000000000000044e-14
5.565080000000000027e-01 5.297169999999999733e-14
5.555029999999999690e-01 9.378430000000000106e-14
5.545050000000000257e-01 -2.126420000000000092e-13
5.535050000000000248e-01 1.362940000000000047e-13
5.524999999999999911e-01 3.374499999999999909e-13
5.515029999999999655e-01 1.353739999999999945e-13
5.504999999999999893e-01 3.279329999999999745e-14
5.494980000000000420e-01 -1.372310000000000087e-13
5.485010000000000163e-01 -7.581159999999999677e-14
5.474959999999999827e-01 5.758239999999999504e-13
5.464959999999999818e-01 2.908369999999999855e-13
5.454980000000000384e-01 1.449069999999999954e-13
5.444930000000000048e-01 1.099540000000000003e-13
5.434949999999999504e-01 9.269369999999999710e-14
5.424940000000000317e-01 -1.348809999999999985e-13
5.414900000000000269e-01 -1.089270000000000063e-13
5.404940000000000300e-01 5.269789999999999702e-13
5.394900000000000251e-01 1.762679999999999967e-13
5.384879999999999667e-01 -8.923169999999999883e-14
5.374910000000000521e-01 9.340760000000000580e-14
5.364860000000000184e-01 -7.302519999999999867e-14
5.354870000000000463e-01 -9.845750000000000292e-15
5.344870000000000454e-01 1.747269999999999885e-13
5.334830000000000405e-01 3.866389999999999846e-13
5.324860000000000149e-01 2.081079999999999966e-14
5.314830000000000387e-01 -3.481619999999999961e-13
5.304809999999999803e-01 1.863769999999999943e-13
5.294839999999999547e-01 3.635959999999999988e-13
5.284790000000000321e-01 -5.081290000000000177e-14
5.274790000000000312e-01 -2.882029999999999888e-13
5.264809999999999768e-01 -3.750219999999999948e-14
5.254750000000000254e-01 2.727269999999999748e-13
5.244779999999999998e-01 -1.202690000000000048e-13
5.234769999999999701e-01 4.435940000000000180e-13
5.224729999999999652e-01 -4.939869999999999705e-14
5.214760000000000506e-01 -4.477810000000000082e-13
5.204720000000000457e-01 7.729080000000000424e-13
5.194710000000000161e-01 -3.098499999999999873e-13
5.184739999999999904e-01 9.090799999999999493e-14
5.174680000000000391e-01 -9.001860000000000379e-14
5.164699999999999847e-01 1.838879999999999935e-13
5.154699999999999838e-01 5.917899999999999704e-14
5.144649999999999501e-01 9.020200000000000278e-14
5.134680000000000355e-01 8.481840000000000578e-15
5.124659999999999771e-01 -3.201789999999999830e-13
5.114630000000000010e-01 3.769689999999999864e-13
5.104659999999999753e-01 -3.179190000000000007e-13
5.094619999999999704e-01 2.199019999999999954e-13
5.084619999999999695e-01 2.073990000000000082e-13
5.074640000000000262e-01 1.820419999999999868e-14
5.064579999999999638e-01 6.874570000000000160e-14
5.054610000000000491e-01 -1.244119999999999990e-15
5.044600000000000195e-01 1.876219999999999868e-14
5.034549999999999859e-01 -1.581999999999999974e-13
5.024589999999999890e-01 2.957630000000000091e-13
5.014549999999999841e-01 1.442290000000000108e-13
