4.999170000000000003e-01 1.331850000000000025e-12
4.995829999999999993e-01 1.388900000000000070e-12
4.992489999999999983e-01 1.302119999999999908e-12
4.989160000000000261e-01 1.360170000000000050e-12
4.985820000000000252e-01 1.352429999999999923e-12
4.982489999999999974e-01 1.338719999999999974e-12
4.979149999999999965e-01 1.339859999999999907e-12
4.975809999999999955e-01 1.315289999999999942e-12
4.972480000000000233e-01 1.378600000000000002e-12
4.969140000000000224e-01 1.395129999999999933e-12
4.965809999999999946e-01 1.359810000000000039e-12
4.962469999999999937e-01 1.310870000000000048e-12
4.959129999999999927e-01 1.357199999999999912e-12
4.955800000000000205e-01 1.346209999999999976e-12
4.952460000000000195e-01 1.320870000000000005e-12
4.949120000000000186e-01 1.363769999999999954e-12
4.945789999999999909e-01 1.363970000000000094e-12
4.942449999999999899e-01 1.390040000000000002e-12
4.939120000000000177e-01 1.390920000000000095e-12
4.935780000000000167e-01 1.353129999999999910e-12
4.932440000000000158e-01 1.338579999999999937e-12
4.929109999999999880e-01 1.391570000000000098e-12
4.925769999999999871e-01 1.379719999999999901e-12
4.922440000000000149e-01 1.352469999999999992e-12
4.919100000000000139e-01 1.382010000000000086e-12
4.915760000000000129e-01 1.362849999999999994e-12
4.912429999999999852e-01 1.357529999999999972e-12
4.909089999999999843e-01 1.308009999999999997e-12
4.905749999999999833e-01 1.395280000000000089e-12
4.902420000000000111e-01 1.399819999999999987e-12
4.899080000000000101e-01 1.389860000000000098e-12
4.895749999999999824e-01 1.353930000000000068e-12
4.892409999999999815e-01 1.406920000000000027e-12
4.889069999999999805e-01 1.381949999999999983e-12
4.885740000000000083e-01 1.383310000000000090e-12
4.882400000000000073e-01 1.375759999999999986e-12
4.879069999999999796e-01 1.419689999999999982e-12
4.875729999999999786e-01 1.393770000000000028e-12
4.872389999999999777e-01 1.359950000000000077e-12
4.869060000000000055e-01 1.397899999999999930e-12
4.865720000000000045e-01 1.395790000000000053e-12
4.862389999999999768e-01 1.345380000000000069e-12
4.859049999999999758e-01 1.381440000000000019e-12
4.855709999999999749e-01 1.405640000000000057e-12
4.852380000000000027e-01 1.437079999999999971e-12
4.849040000000000017e-01 1.370700000000000006e-12
4.845709999999999740e-01 1.402130000000000004e-12
4.842369999999999730e-01 1.408410000000000054e-12
4.839030000000000276e-01 1.419270000000000070e-12
4.835699999999999998e-01 1.369069999999999941e-12
4.832359999999999989e-01 1.417970000000000066e-12
4.829019999999999979e-01 1.406019999999999900e-12
4.825690000000000257e-01 1.421999999999999999e-12
4.822350000000000247e-01 1.441679999999999972e-12
4.819019999999999970e-01 1.475229999999999965e-12
4.815679999999999961e-01 1.435159999999999915e-12
4.812339999999999951e-01 1.421730000000000042e-12
4.809010000000000229e-01 1.426380000000000027e-12
4.805670000000000219e-01 1.505610000000000084e-12
4.802339999999999942e-01 1.464969999999999967e-12
4.798999999999999932e-01 1.479089999999999910e-12
4.795659999999999923e-01 1.429039999999999937e-12
4.792330000000000201e-01 1.439070000000000047e-12
4.788990000000000191e-01 1.435840000000000070e-12
4.785650000000000182e-01 1.439949999999999938e-12
4.782319999999999904e-01 1.479779999999999981e-12
4.778979999999999895e-01 1.508500000000000085e-12
4.775650000000000173e-01 1.462349999999999923e-12
4.772310000000000163e-01 1.446549999999999930e-12
4.768970000000000153e-01 1.489790000000000057e-12
4.765639999999999876e-01 1.510940000000000022e-12
4.762299999999999867e-01 1.478849999999999903e-12
4.758970000000000145e-01 1.534359999999999937e-12
4.755630000000000135e-01 1.526889999999999969e-12
4.752290000000000125e-01 1.506369999999999972e-12
4.748959999999999848e-01 1.471650000000000096e-12
4.745619999999999838e-01 1.508029999999999987e-12
4.742290000000000116e-01 1.475990000000000055e-12
4.738950000000000107e-01 1.523999999999999969e-12
4.735610000000000097e-01 1.452030000000000024e-12
4.732279999999999820e-01 1.453210000000000025e-12
4.728939999999999810e-01 1.474939999999999974e-12
4.725599999999999801e-01 1.500759999999999959e-12
4.722270000000000079e-01 1.515870000000000083e-12
4.718930000000000069e-01 1.505690000000000019e-12
4.715599999999999792e-01 1.483140000000000080e-12
4.712259999999999782e-01 1.506920000000000005e-12
4.708919999999999773e-01 1.525569999999999931e-12
4.705590000000000050e-01 1.560539999999999932e-12
4.702250000000000041e-01 1.554609999999999976e-12
4.698919999999999764e-01 1.541880000000000090e-12
4.695579999999999754e-01 1.559760000000000010e-12
4.692239999999999744e-01 1.554179999999999947e-12
4.688910000000000022e-01 1.547880000000000065e-12
4.685570000000000013e-01 1.559309999999999946e-12
4.682239999999999736e-01 1.556469999999999930e-12
4.678899999999999726e-01 1.501860000000000025e-12
4.675560000000000271e-01 1.512109999999999905e-12
4.672229999999999994e-01 1.521589999999999982e-12
4.668889999999999985e-01 1.538750000000000082e-12
4.665549999999999975e-01 1.499020000000000008e-12
4.662220000000000253e-01 1.501950000000000078e-12
4.658880000000000243e-01 1.514129999999999931e-12
4.655549999999999966e-01 1.532270000000000094e-12
4.652209999999999956e-01 1.550659999999999978e-12
4.648869999999999947e-01 1.559270000000000080e-12
4.645540000000000225e-01 1.538590000000000010e-12
4.642200000000000215e-01 1.571879999999999962e-12
4.638869999999999938e-01 1.554369999999999969e-12
4.635529999999999928e-01 1.566740000000000047e-12
4.632189999999999919e-01 1.568590000000000084e-12
4.628860000000000197e-01 1.578699999999999927e-12
4.625520000000000187e-01 1.558340000000000002e-12
4.622189999999999910e-01 1.587380000000000048e-12
4.618849999999999900e-01 1.598349999999999950e-12
4.615509999999999891e-01 1.568149999999999937e-12
4.612180000000000168e-01 1.581050000000000013e-12
4.608840000000000159e-01 1.644759999999999951e-12
4.605500000000000149e-01 1.640179999999999984e-12
4.602169999999999872e-01 1.626880000000000031e-12
4.598829999999999862e-01 1.671899999999999974e-12
4.595500000000000140e-01 1.631079999999999953e-12
4.592160000000000131e-01 1.700199999999999965e-12
4.588820000000000121e-01 1.683910000000000041e-12
4.585489999999999844e-01 1.658790000000000043e-12
4.582149999999999834e-01 1.647869999999999924e-12
4.578820000000000112e-01 1.658029999999999954e-12
4.575480000000000103e-01 1.658829999999999910e-12
4.572140000000000093e-01 1.683240000000000005e-12
4.568809999999999816e-01 1.708729999999999930e-12
4.565469999999999806e-01 1.666420000000000083e-12
4.562140000000000084e-01 1.729020000000000038e-12
4.558800000000000074e-01 1.702720000000000039e-12
4.555460000000000065e-01 1.738460000000000046e-12
4.552129999999999788e-01 1.704989999999999988e-12
4.548789999999999778e-01 1.695579999999999930e-12
4.545449999999999768e-01 1.691690000000000035e-12
4.542120000000000046e-01 1.670500000000000001e-12
4.538780000000000037e-01 1.681249999999999930e-12
4.535449999999999759e-01 1.634599999999999921e-12
4.532109999999999750e-01 1.707259999999999937e-12
4.528769999999999740e-01 1.695099999999999916e-12
4.525440000000000018e-01 1.690440000000000015e-12
4.522100000000000009e-01 1.656369999999999939e-12
4.518769999999999731e-01 1.680429999999999939e-12
4.515430000000000277e-01 1.678429999999999948e-12
4.512090000000000267e-01 1.674329999999999995e-12
4.508759999999999990e-01 1.668710000000000066e-12
4.505419999999999980e-01 1.645839999999999983e-12
4.502090000000000258e-01 1.662480000000000000e-12
4.498750000000000249e-01 1.644650000000000065e-12
4.495410000000000239e-01 1.627460000000000014e-12
4.492079999999999962e-01 1.656090000000000065e-12
4.488739999999999952e-01 1.637760000000000082e-12
4.485399999999999943e-01 1.645219999999999931e-12
4.482070000000000221e-01 1.635930000000000078e-12
4.478730000000000211e-01 1.617370000000000004e-12
4.475399999999999934e-01 1.649150000000000097e-12
4.472059999999999924e-01 1.643980000000000029e-12
4.468719999999999914e-01 1.635120000000000004e-12
4.465390000000000192e-01 1.648390000000000007e-12
4.462050000000000183e-01 1.734709999999999987e-12
4.458719999999999906e-01 1.678279999999999994e-12
4.455379999999999896e-01 1.718909999999999993e-12
4.452039999999999886e-01 1.694449999999999914e-12
4.448710000000000164e-01 1.673070000000000059e-12
4.445370000000000155e-01 1.728580000000000092e-12
4.442039999999999877e-01 1.698020000000000069e-12
4.438699999999999868e-01 1.746570000000000100e-12
4.435359999999999858e-01 1.733659999999999905e-12
4.432030000000000136e-01 1.715879999999999955e-12
4.428690000000000127e-01 1.759510000000000042e-12
4.425350000000000117e-01 1.785149999999999921e-12
4.422019999999999840e-01 1.768719999999999960e-12
4.418679999999999830e-01 1.837069999999999966e-12
4.415350000000000108e-01 1.795809999999999999e-12
4.412010000000000098e-01 1.836940000000000047e-12
4.408670000000000089e-01 1.862379999999999987e-12
4.405339999999999812e-01 1.830100000000000048e-12
4.401999999999999802e-01 1.866639999999999809e-12
4.398670000000000080e-01 1.824959999999999930e-12
4.395330000000000070e-01 1.838150000000000200e-12
4.391990000000000061e-01 1.840300000000000145e-12
4.388659999999999783e-01 1.876639999999999968e-12
4.385319999999999774e-01 1.937069999999999944e-12
4.381990000000000052e-01 1.895360000000000115e-12
4.378650000000000042e-01 1.935410000000000131e-12
4.375310000000000032e-01 1.869340000000000191e-12
4.371979999999999755e-01 1.934679999999999992e-12
4.368639999999999746e-01 1.901219999999999850e-12
4.365299999999999736e-01 1.906289999999999948e-12
4.361970000000000014e-01 1.877540000000000096e-12
4.358630000000000004e-01 1.900180000000000088e-12
4.355299999999999727e-01 1.887509999999999901e-12
4.351960000000000273e-01 1.922899999999999814e-12
4.348620000000000263e-01 1.888709999999999936e-12
4.345289999999999986e-01 1.875979999999999848e-12
4.341949999999999976e-01 1.926639999999999957e-12
4.338620000000000254e-01 1.880580000000000051e-12
4.335280000000000244e-01 1.907789999999999891e-12
4.331940000000000235e-01 1.884900000000000178e-12
4.328609999999999958e-01 1.859490000000000188e-12
4.325269999999999948e-01 1.855180000000000179e-12
4.321940000000000226e-01 1.874800000000000049e-12
4.318600000000000216e-01 1.832390000000000031e-12
4.315260000000000207e-01 1.867820000000000012e-12
4.311929999999999930e-01 1.837830000000000056e-12
4.308589999999999920e-01 1.865279999999999904e-12
4.305249999999999910e-01 1.872960000000000130e-12
4.301920000000000188e-01 1.855650000000000075e-12
4.298580000000000179e-01 1.889440000000000075e-12
4.295249999999999901e-01 1.801359999999999910e-12
4.291909999999999892e-01 1.850620000000000045e-12
4.288569999999999882e-01 1.814089999999999998e-12
4.285240000000000160e-01 1.877149999999999933e-12
4.281900000000000150e-01 1.818270000000000087e-12
4.278569999999999873e-01 1.856230000000000058e-12
4.275229999999999864e-01 1.894799999999999964e-12
4.271889999999999854e-01 1.884399999999999927e-12
4.268560000000000132e-01 1.879469999999999867e-12
4.265220000000000122e-01 1.915319999999999961e-12
4.261880000000000113e-01 1.938140000000000060e-12
4.258549999999999836e-01 1.891279999999999995e-12
4.255209999999999826e-01 1.892390000000000179e-12
4.251880000000000104e-01 1.944260000000000038e-12
4.248540000000000094e-01 1.938140000000000060e-12
4.245200000000000085e-01 1.959310000000000059e-12
4.241869999999999807e-01 1.902699999999999960e-12
4.238529999999999798e-01 1.966349999999999997e-12
4.235200000000000076e-01 1.947040000000000153e-12
4.231860000000000066e-01 1.956629999999999913e-12
4.228520000000000056e-01 1.965020000000000042e-12
4.225189999999999779e-01 1.972550000000000112e-12
4.221849999999999770e-01 2.029889999999999947e-12
4.218520000000000048e-01 2.046639999999999850e-12
4.215180000000000038e-01 2.036489999999999939e-12
4.211840000000000028e-01 2.031620000000000182e-12
4.208509999999999751e-01 2.010419999999999829e-12
4.205169999999999741e-01 2.060030000000000058e-12
4.201840000000000019e-01 2.087619999999999944e-12
4.198500000000000010e-01 2.059019999999999844e-12
4.195160000000000000e-01 2.109940000000000196e-12
4.191829999999999723e-01 2.110629999999999863e-12
4.188490000000000268e-01 2.132899999999999929e-12
4.185150000000000259e-01 2.119640000000000044e-12
4.181819999999999982e-01 2.161899999999999906e-12
4.178479999999999972e-01 2.171090000000000193e-12
4.175150000000000250e-01 2.130029999999999962e-12
4.171810000000000240e-01 2.185240000000000087e-12
4.168470000000000231e-01 2.205560000000000146e-12
4.165139999999999953e-01 2.183770000000000095e-12
4.161799999999999944e-01 2.181189999999999918e-12
4.158470000000000222e-01 2.159360000000000202e-12
4.155130000000000212e-01 2.161279999999999854e-12
4.151790000000000203e-01 2.169119999999999950e-12
4.148459999999999925e-01 2.216200000000000190e-12
4.145119999999999916e-01 2.181159999999999967e-12
4.141779999999999906e-01 2.187899999999999997e-12
4.138450000000000184e-01 2.203379999999999846e-12
4.135110000000000174e-01 2.159320000000000133e-12
4.131779999999999897e-01 2.191169999999999841e-12
4.128439999999999888e-01 2.164289999999999859e-12
4.125099999999999878e-01 2.153190000000000037e-12
4.121770000000000156e-01 2.178640000000000095e-12
4.118430000000000146e-01 2.211570000000000037e-12
4.115099999999999869e-01 2.166840000000000085e-12
4.111759999999999859e-01 2.149700000000000019e-12
4.108419999999999850e-01 2.144009999999999868e-12
4.105090000000000128e-01 2.146090000000000199e-12
4.101750000000000118e-01 2.171490000000000070e-12
4.098419999999999841e-01 2.160879999999999977e-12
4.095079999999999831e-01 2.178589999999999909e-12
4.091739999999999822e-01 2.213380000000000006e-12
4.088410000000000100e-01 2.200989999999999894e-12
4.085070000000000090e-01 2.265359999999999952e-12
4.081739999999999813e-01 2.218299999999999948e-12
4.078399999999999803e-01 2.228880000000000091e-12
4.075059999999999794e-01 2.237160000000000133e-12
4.071730000000000071e-01 2.297609999999999941e-12
4.068390000000000062e-01 2.304560000000000027e-12
4.065050000000000052e-01 2.290340000000000114e-12
4.061719999999999775e-01 2.328430000000000005e-12
4.058379999999999765e-01 2.304419999999999989e-12
4.055050000000000043e-01 2.294829999999999825e-12
4.051710000000000034e-01 2.370899999999999924e-12
4.048370000000000024e-01 2.323669999999999933e-12
4.045039999999999747e-01 2.331250000000000189e-12
4.041699999999999737e-01 2.324610000000000129e-12
4.038370000000000015e-01 2.358260000000000091e-12
4.035030000000000006e-01 2.360609999999999975e-12
4.031689999999999996e-01 2.354099999999999834e-12
4.028360000000000274e-01 2.357349999999999846e-12
4.025020000000000264e-01 2.406860000000000106e-12
4.021680000000000255e-01 2.405050000000000137e-12
4.018349999999999977e-01 2.396120000000000093e-12
4.015009999999999968e-01 2.357869999999999928e-12
4.011680000000000246e-01 2.376080000000000110e-12
4.008340000000000236e-01 2.389359999999999827e-12
4.005000000000000226e-01 2.393050000000000188e-12
4.001669999999999949e-01 2.381299999999999961e-12
3.998329999999999940e-01 2.418550000000000029e-12
3.995000000000000218e-01 2.405530000000000151e-12
3.991660000000000208e-01 2.382370000000000076e-12
3.988320000000000198e-01 2.423969999999999818e-12
3.984989999999999921e-01 2.413460000000000098e-12
3.981649999999999912e-01 2.446630000000000047e-12
3.978320000000000189e-01 2.447299999999999881e-12
3.974980000000000180e-01 2.527550000000000070e-12
3.971640000000000170e-01 2.488150000000000056e-12
3.968309999999999893e-01 2.542230000000000165e-12
3.964969999999999883e-01 2.496579999999999849e-12
3.961629999999999874e-01 2.493169999999999968e-12
3.958300000000000152e-01 2.554260000000000064e-12
3.954960000000000142e-01 2.560460000000000179e-12
3.951629999999999865e-01 2.577310000000000051e-12
3.948289999999999855e-01 2.631240000000000004e-12
3.944949999999999846e-01 2.657389999999999848e-12
3.941620000000000124e-01 2.637240000000000181e-12
3.938280000000000114e-01 2.689420000000000065e-12
3.934949999999999837e-01 2.703540000000000009e-12
3.931609999999999827e-01 2.697709999999999821e-12
3.928269999999999817e-01 2.729540000000000101e-12
3.924940000000000095e-01 2.752709999999999890e-12
3.921600000000000086e-01 2.789500000000000180e-12
3.918269999999999809e-01 2.816750000000000089e-12
3.914929999999999799e-01 2.863009999999999935e-12
3.911589999999999789e-01 2.871619999999999834e-12
3.908260000000000067e-01 2.821209999999999850e-12
3.904920000000000058e-01 2.874219999999999844e-12
3.901580000000000048e-01 2.875370000000000096e-12
3.898249999999999771e-01 2.888829999999999920e-12
3.894909999999999761e-01 2.917910000000000034e-12
3.891580000000000039e-01 2.904640000000000031e-12
3.888240000000000030e-01 2.959419999999999925e-12
3.884900000000000020e-01 2.998989999999999927e-12
3.881569999999999743e-01 2.936639999999999895e-12
3.878229999999999733e-01 3.002749999999999903e-12
3.874900000000000011e-01 3.010959999999999925e-12
3.871560000000000001e-01 2.975279999999999819e-12
3.868219999999999992e-01 3.011760000000000083e-12
3.864890000000000270e-01 2.995380000000000107e-12
3.861550000000000260e-01 2.990280000000000058e-12
3.858219999999999983e-01 3.023930000000000020e-12
3.854879999999999973e-01 3.015639999999999861e-12
3.851539999999999964e-01 3.078390000000000174e-12
3.848210000000000242e-01 3.005570000000000087e-12
3.844870000000000232e-01 2.960700000000000097e-12
3.841530000000000222e-01 2.958620000000000171e-12
3.838199999999999945e-01 3.024560000000000190e-12
3.834859999999999935e-01 3.028140000000000060e-12
3.831530000000000213e-01 3.036690000000000059e-12
3.828190000000000204e-01 3.050319999999999871e-12
3.824850000000000194e-01 2.983629999999999879e-12
3.821519999999999917e-01 3.005260000000000061e-12
3.818179999999999907e-01 2.981110000000000007e-12
3.814850000000000185e-01 2.957080000000000159e-12
3.811510000000000176e-01 2.932240000000000035e-12
3.808170000000000166e-01 2.950349999999999843e-12
3.804839999999999889e-01 2.970250000000000193e-12
3.801499999999999879e-01 2.899299999999999975e-12
3.798170000000000157e-01 3.010029999999999847e-12
3.794830000000000148e-01 2.960129999999999828e-12
3.791490000000000138e-01 2.959459999999999993e-12
3.788159999999999861e-01 3.005610000000000155e-12
3.784819999999999851e-01 2.955079999999999965e-12
3.781479999999999841e-01 3.020280000000000132e-12
3.778150000000000119e-01 3.029270000000000076e-12
3.774810000000000110e-01 3.000519999999999820e-12
3.771479999999999833e-01 3.083130000000000011e-12
3.768139999999999823e-01 3.067200000000000098e-12
3.764799999999999813e-01 3.106679999999999845e-12
3.761470000000000091e-01 3.106290000000000086e-12
3.758130000000000082e-01 3.142780000000000064e-12
3.754799999999999804e-01 3.182479999999999986e-12
3.751459999999999795e-01 3.179869999999999859e-12
3.748119999999999785e-01 3.234680000000000107e-12
3.744790000000000063e-01 3.264870000000000002e-12
3.741450000000000053e-01 3.342950000000000008e-12
3.738119999999999776e-01 3.396310000000000096e-12
3.734779999999999767e-01 3.393719999999999801e-12
3.731439999999999757e-01 3.403709999999999842e-12
3.728110000000000035e-01 3.451580000000000122e-12
3.724770000000000025e-01 3.489549999999999808e-12
3.721430000000000016e-01 3.574299999999999825e-12
3.718099999999999739e-01 3.569920000000000201e-12
3.714759999999999729e-01 3.571939999999999823e-12
3.711430000000000007e-01 3.630059999999999983e-12
3.708089999999999997e-01 3.678680000000000235e-12
3.704749999999999988e-01 3.757420000000000361e-12
3.701420000000000265e-01 3.747760000000000178e-12
3.698080000000000256e-01 3.770540000000000209e-12
3.694749999999999979e-01 3.793660000000000215e-12
3.691409999999999969e-01 3.849060000000000161e-12
3.688069999999999959e-01 3.867460000000000163e-12
3.684740000000000237e-01 3.936459999999999970e-12
3.681400000000000228e-01 3.918970000000000213e-12
3.678069999999999951e-01 3.941550000000000305e-12
3.674729999999999941e-01 3.917099999999999940e-12
3.671389999999999931e-01 3.989329999999999926e-12
3.668060000000000209e-01 3.973610000000000069e-12
3.664720000000000200e-01 3.970379999999999890e-12
3.661380000000000190e-01 3.972810000000000315e-12
3.658049999999999913e-01 4.002379999999999754e-12
3.654709999999999903e-01 3.933470000000000202e-12
3.651380000000000181e-01 3.915760000000000270e-12
3.648040000000000171e-01 3.924329999999999698e-12
3.644700000000000162e-01 3.901149999999999790e-12
3.641369999999999885e-01 3.889690000000000160e-12
3.638029999999999875e-01 3.879430000000000162e-12
3.634700000000000153e-01 3.780530000000000250e-12
3.631360000000000143e-01 3.814059999999999603e-12
3.628020000000000134e-01 3.797259999999999917e-12
3.624689999999999857e-01 3.682290000000000055e-12
3.621349999999999847e-01 3.696139999999999637e-12
3.618020000000000125e-01 3.619100000000000200e-12
3.614680000000000115e-01 3.598169999999999803e-12
3.611340000000000106e-01 3.565840000000000081e-12
3.608009999999999828e-01 3.557090000000000144e-12
3.604669999999999819e-01 3.526890000000000131e-12
3.601329999999999809e-01 3.459850000000000045e-12
3.598000000000000087e-01 3.442599999999999891e-12
3.594660000000000077e-01 3.497340000000000121e-12
3.591329999999999800e-01 3.440770000000000090e-12
3.587989999999999791e-01 3.459690000000000175e-12
3.584649999999999781e-01 3.508290000000000190e-12
3.581320000000000059e-01 3.499449999999999998e-12
3.577980000000000049e-01 3.505550000000000143e-12
3.574649999999999772e-01 3.582010000000000001e-12
3.571309999999999762e-01 3.509869999999999866e-12
3.567969999999999753e-01 3.551680000000000069e-12
3.564640000000000031e-01 3.597380000000000167e-12
3.561300000000000021e-01 3.613490000000000186e-12
3.557969999999999744e-01 3.673039999999999867e-12
3.554629999999999734e-01 3.679599999999999790e-12
3.551289999999999725e-01 3.677339999999999758e-12
3.547960000000000003e-01 3.684770000000000262e-12
3.544619999999999993e-01 3.776799999999999820e-12
3.541279999999999983e-01 3.824749999999999833e-12
3.537950000000000261e-01 3.898720000000000173e-12
3.534610000000000252e-01 4.037459999999999641e-12
3.531279999999999974e-01 4.047269999999999980e-12
3.527939999999999965e-01 4.067359999999999746e-12
3.524599999999999955e-01 4.141670000000000062e-12
3.521270000000000233e-01 4.167309999999999941e-12
3.517930000000000224e-01 4.211440000000000077e-12
3.514599999999999946e-01 4.296229999999999759e-12
3.511259999999999937e-01 4.352550000000000068e-12
3.507919999999999927e-01 4.406380000000000052e-12
3.504590000000000205e-01 4.493989999999999918e-12
3.501250000000000195e-01 4.607929999999999733e-12
3.497910000000000186e-01 4.629609999999999698e-12
3.494579999999999909e-01 4.735950000000000232e-12
3.491239999999999899e-01 4.782200000000000363e-12
3.487910000000000177e-01 4.904350000000000201e-12
3.484570000000000167e-01 4.939599999999999672e-12
3.481230000000000158e-01 4.987679999999999605e-12
3.477899999999999880e-01 5.040839999999999754e-12
3.474559999999999871e-01 5.025500000000000346e-12
3.471230000000000149e-01 5.052580000000000267e-12
3.467890000000000139e-01 5.059659999999999869e-12
3.464550000000000129e-01 4.996299999999999622e-12
3.461219999999999852e-01 4.997440000000000161e-12
3.457879999999999843e-01 4.957770000000000189e-12
3.454550000000000121e-01 4.919520000000000024e-12
3.451210000000000111e-01 4.842769999999999973e-12
3.447870000000000101e-01 4.838490000000000318e-12
3.444539999999999824e-01 4.759979999999999676e-12
3.441199999999999815e-01 4.720610000000000017e-12
3.437870000000000092e-01 4.689139999999999950e-12
3.434530000000000083e-01 4.529250000000000315e-12
3.431190000000000073e-01 4.453710000000000013e-12
3.427859999999999796e-01 4.373529999999999844e-12
3.424519999999999786e-01 4.269250000000000211e-12
3.421179999999999777e-01 4.164149999999999781e-12
3.417850000000000055e-01 4.125270000000000253e-12
3.414510000000000045e-01 4.057369999999999704e-12
3.411179999999999768e-01 3.956250000000000232e-12
3.407839999999999758e-01 3.941480000000000286e-12
3.404499999999999749e-01 3.870330000000000130e-12
3.401170000000000027e-01 3.906050000000000305e-12
3.397830000000000017e-01 3.844350000000000275e-12
3.394499999999999740e-01 3.853250000000000368e-12
3.391159999999999730e-01 3.858889999999999928e-12
3.387820000000000276e-01 3.851740000000000307e-12
3.384489999999999998e-01 3.859299999999999923e-12
3.381149999999999989e-01 3.843209999999999736e-12
3.377809999999999979e-01 3.840860000000000256e-12
3.374480000000000257e-01 3.869790000000000215e-12
3.371140000000000247e-01 3.827930000000000230e-12
3.367809999999999970e-01 3.929739999999999773e-12
3.364469999999999961e-01 3.863239999999999602e-12
3.361129999999999951e-01 3.913259999999999827e-12
3.357800000000000229e-01 3.895090000000000117e-12
3.354460000000000219e-01 3.936200000000000131e-12
3.351129999999999942e-01 4.006339999999999668e-12
3.347789999999999933e-01 4.013339999999999941e-12
3.344449999999999923e-01 4.030299999999999902e-12
3.341120000000000201e-01 4.144410000000000109e-12
3.337780000000000191e-01 4.205770000000000163e-12
3.334449999999999914e-01 4.115579999999999716e-12
3.331109999999999904e-01 4.189630000000000193e-12
3.327769999999999895e-01 4.230070000000000372e-12
3.324440000000000173e-01 4.214499999999999864e-12
3.321100000000000163e-01 4.316879999999999676e-12
3.317760000000000153e-01 4.354880000000000120e-12
3.314429999999999876e-01 4.507439999999999623e-12
3.311089999999999867e-01 4.570360000000000329e-12
3.307760000000000145e-01 4.624569999999999953e-12
3.304420000000000135e-01 4.713230000000000103e-12
3.301080000000000125e-01 4.843820000000000256e-12
3.297749999999999848e-01 5.022120000000000011e-12
3.294409999999999838e-01 5.134230000000000025e-12
3.291080000000000116e-01 5.224219999999999726e-12
3.287740000000000107e-01 5.350429999999999851e-12
3.284400000000000097e-01 5.403740000000000156e-12
3.281069999999999820e-01 5.510289999999999939e-12
3.277729999999999810e-01 5.585869999999999906e-12
3.274400000000000088e-01 5.586930000000000308e-12
3.271060000000000079e-01 5.724769999999999648e-12
3.267720000000000069e-01 5.702549999999999768e-12
3.264389999999999792e-01 5.714840000000000315e-12
3.261049999999999782e-01 5.752409999999999720e-12
3.257709999999999773e-01 5.647790000000000111e-12
3.254380000000000051e-01 5.688840000000000224e-12
3.251040000000000041e-01 5.619560000000000341e-12
3.247709999999999764e-01 5.594120000000000401e-12
3.244369999999999754e-01 5.487219999999999716e-12
3.241029999999999744e-01 5.422130000000000040e-12
3.237700000000000022e-01 5.335369999999999711e-12
3.234360000000000013e-01 5.163009999999999828e-12
3.231029999999999736e-01 5.055879999999999657e-12
3.227689999999999726e-01 5.003559999999999735e-12
3.224350000000000271e-01 4.928129999999999924e-12
3.221019999999999994e-01 4.850250000000000260e-12
3.217679999999999985e-01 4.762290000000000299e-12
3.214350000000000263e-01 4.700500000000000014e-12
3.211010000000000253e-01 4.658219999999999916e-12
3.207670000000000243e-01 4.679320000000000301e-12
3.204339999999999966e-01 4.645730000000000239e-12
3.200999999999999956e-01 4.700640000000000052e-12
3.197659999999999947e-01 4.690969999999999751e-12
3.194330000000000225e-01 4.772109999999999949e-12
3.190990000000000215e-01 4.743610000000000221e-12
3.187659999999999938e-01 4.846919999999999708e-12
3.184319999999999928e-01 4.823360000000000159e-12
3.180979999999999919e-01 4.801629999999999605e-12
3.177650000000000197e-01 4.839430000000000110e-12
3.174310000000000187e-01 4.925550000000000151e-12
3.170979999999999910e-01 4.946849999999999666e-12
3.167639999999999900e-01 4.943169999999999828e-12
3.164299999999999891e-01 4.957510000000000350e-12
3.160970000000000169e-01 4.977649999999999899e-12
3.157630000000000159e-01 5.051099999999999752e-12
3.154299999999999882e-01 5.071880000000000397e-12
3.150959999999999872e-01 5.152009999999999976e-12
3.147619999999999862e-01 5.130420000000000267e-12
3.144290000000000140e-01 5.193839999999999607e-12
3.140950000000000131e-01 5.232260000000000164e-12
3.137610000000000121e-01 5.263050000000000278e-12
3.134279999999999844e-01 5.181220000000000010e-12
3.130939999999999834e-01 5.260390000000000368e-12
3.127610000000000112e-01 5.251410000000000138e-12
3.124270000000000103e-01 5.289780000000000105e-12
3.120930000000000093e-01 5.276339999999999709e-12
3.117599999999999816e-01 5.275760000000000130e-12
3.114259999999999806e-01 5.275560000000000191e-12
3.110930000000000084e-01 5.249179999999999652e-12
3.107590000000000074e-01 5.284030000000000053e-12
3.104250000000000065e-01 5.297749999999999716e-12
3.100919999999999788e-01 5.376330000000000377e-12
3.097579999999999778e-01 5.423889999999999823e-12
3.094250000000000056e-01 5.438000000000000053e-12
3.090910000000000046e-01 5.503530000000000077e-12
3.087570000000000037e-01 5.531640000000000045e-12
3.084239999999999760e-01 5.558629999999999711e-12
3.080899999999999750e-01 5.567010000000000126e-12
3.077559999999999740e-01 5.636380000000000263e-12
3.074230000000000018e-01 5.709039999999999673e-12
3.070890000000000009e-01 5.762389999999999643e-12
3.067559999999999731e-01 5.873380000000000162e-12
3.064220000000000277e-01 5.879740000000000147e-12
3.060880000000000267e-01 5.919189999999999944e-12
3.057549999999999990e-01 5.981299999999999969e-12
3.054209999999999980e-01 6.086250000000000244e-12
3.050880000000000258e-01 6.231909999999999847e-12
3.047540000000000249e-01 6.296910000000000075e-12
3.044200000000000239e-01 6.365889999999999646e-12
3.040869999999999962e-01 6.483819999999999730e-12
3.037529999999999952e-01 6.535710000000000229e-12
3.034200000000000230e-01 6.601930000000000325e-12
3.030860000000000221e-01 6.768799999999999996e-12
3.027520000000000211e-01 6.819700000000000113e-12
3.024189999999999934e-01 6.913500000000000379e-12
3.020849999999999924e-01 7.013410000000000102e-12
3.017509999999999915e-01 7.111209999999999948e-12
3.014180000000000192e-01 7.194919999999999800e-12
3.010840000000000183e-01 7.312110000000000031e-12
3.007509999999999906e-01 7.418349999999999384e-12
3.004169999999999896e-01 7.477860000000000208e-12
3.000829999999999886e-01 7.608249999999999615e-12
2.997500000000000164e-01 7.730580000000000771e-12
2.994160000000000155e-01 7.828789999999999804e-12
2.990829999999999878e-01 7.906600000000000257e-12
2.987489999999999868e-01 7.931080000000000169e-12
2.984149999999999858e-01 8.028979999999999580e-12
2.980820000000000136e-01 8.076319999999999659e-12
2.977480000000000127e-01 8.099669999999999959e-12
2.974149999999999849e-01 8.209410000000000256e-12
2.970809999999999840e-01 8.229659999999999489e-12
2.967469999999999830e-01 8.316959999999999733e-12
2.964140000000000108e-01 8.332060000000000345e-12
2.960800000000000098e-01 8.298859999999999234e-12
2.957460000000000089e-01 8.379739999999999592e-12
2.954129999999999812e-01 8.410469999999999806e-12
2.950789999999999802e-01 8.441310000000000510e-12
2.947460000000000080e-01 8.453739999999999479e-12
2.944120000000000070e-01 8.402559999999999287e-12
2.940780000000000061e-01 8.384939999999999610e-12
2.937449999999999783e-01 8.299209999999999329e-12
2.934109999999999774e-01 8.222760000000000396e-12
2.930780000000000052e-01 8.227829999999999687e-12
2.927440000000000042e-01 8.171830000000000734e-12
2.924100000000000033e-01 8.166520000000000224e-12
2.920769999999999755e-01 8.050940000000000428e-12
2.917429999999999746e-01 7.978000000000000135e-12
2.914100000000000024e-01 8.030790000000000761e-12
2.910760000000000014e-01 8.026589999999999628e-12
2.907420000000000004e-01 8.072709999999999839e-12
2.904089999999999727e-01 8.015109999999999762e-12
2.900750000000000273e-01 8.082009999999999810e-12
2.897410000000000263e-01 8.099970000000000270e-12
2.894079999999999986e-01 8.096249999999999959e-12
2.890739999999999976e-01 8.089330000000000631e-12
2.887410000000000254e-01 8.167889999999999440e-12
2.884070000000000245e-01 8.193609999999999455e-12
2.880730000000000235e-01 8.230309999999999895e-12
2.877399999999999958e-01 8.264640000000000618e-12
2.874059999999999948e-01 8.280430000000000493e-12
2.870730000000000226e-01 8.386109999999999695e-12
2.867390000000000216e-01 8.383620000000000178e-12
2.864050000000000207e-01 8.519539999999999461e-12
2.860719999999999930e-01 8.624829999999999712e-12
2.857379999999999920e-01 8.825380000000000509e-12
2.854050000000000198e-01 8.932320000000000051e-12
2.850710000000000188e-01 9.198300000000000499e-12
2.847370000000000179e-01 9.336180000000000311e-12
2.844039999999999901e-01 9.468640000000000738e-12
2.840699999999999892e-01 9.629189999999999282e-12
2.837359999999999882e-01 9.890809999999999938e-12
2.834030000000000160e-01 1.015899999999999983e-11
2.830690000000000150e-01 1.027710000000000030e-11
2.827359999999999873e-01 1.057089999999999972e-11
2.824019999999999864e-01 1.087379999999999997e-11
2.820679999999999854e-01 1.107260000000000030e-11
2.817350000000000132e-01 1.141479999999999938e-11
2.814010000000000122e-01 1.173470000000000007e-11
2.810679999999999845e-01 1.206500000000000079e-11
2.807339999999999836e-01 1.245229999999999936e-11
2.803999999999999826e-01 1.277800000000000068e-11
2.800670000000000104e-01 1.313439999999999945e-11
2.797330000000000094e-01 1.349220000000000021e-11
2.793999999999999817e-01 1.374040000000000070e-11
2.790659999999999807e-01 1.401590000000000049e-11
2.787319999999999798e-01 1.425230000000000057e-11
2.783990000000000076e-01 1.448069999999999988e-11
2.780650000000000066e-01 1.474229999999999869e-11
2.777310000000000056e-01 1.499590000000000156e-11
2.773979999999999779e-01 1.516359999999999973e-11
2.770639999999999770e-01 1.529819999999999958e-11
2.767310000000000048e-01 1.546939999999999869e-11
2.763970000000000038e-01 1.553300000000000015e-11
2.760630000000000028e-01 1.564549999999999912e-11
2.757299999999999751e-01 1.568699999999999970e-11
2.753959999999999742e-01 1.569829999999999906e-11
2.750630000000000019e-01 1.556659999999999953e-11
2.747290000000000010e-01 1.546060000000000139e-11
2.743950000000000000e-01 1.521230000000000133e-11
2.740619999999999723e-01 1.498299999999999947e-11
2.737280000000000268e-01 1.477220000000000121e-11
2.733940000000000259e-01 1.459709999999999967e-11
2.730609999999999982e-01 1.430939999999999959e-11
2.727269999999999972e-01 1.398149999999999975e-11
2.723940000000000250e-01 1.377639999999999934e-11
2.720600000000000240e-01 1.347679999999999928e-11
2.717260000000000231e-01 1.320960000000000058e-11
2.713929999999999954e-01 1.297459999999999926e-11
2.710589999999999944e-01 1.284779999999999944e-11
2.707260000000000222e-01 1.261279999999999973e-11
2.703920000000000212e-01 1.241289999999999934e-11
2.700580000000000203e-01 1.223849999999999960e-11
2.697249999999999925e-01 1.207599999999999984e-11
2.693909999999999916e-01 1.187039999999999999e-11
2.690580000000000194e-01 1.170460000000000003e-11
2.687240000000000184e-01 1.160289999999999936e-11
2.683900000000000174e-01 1.157569999999999964e-11
2.680569999999999897e-01 1.151570000000000030e-11
2.677229999999999888e-01 1.143409999999999951e-11
2.673900000000000166e-01 1.144369999999999980e-11
2.670560000000000156e-01 1.136890000000000016e-11
2.667220000000000146e-01 1.144170000000000041e-11
2.663889999999999869e-01 1.151150000000000078e-11
2.660549999999999859e-01 1.163339999999999928e-11
2.657209999999999850e-01 1.183139999999999985e-11
2.653880000000000128e-01 1.196240000000000081e-11
2.650540000000000118e-01 1.210919999999999933e-11
2.647209999999999841e-01 1.228210000000000075e-11
2.643869999999999831e-01 1.255639999999999929e-11
2.640529999999999822e-01 1.283989999999999985e-11
2.637200000000000100e-01 1.318089999999999930e-11
2.633860000000000090e-01 1.362759999999999981e-11
2.630529999999999813e-01 1.408620000000000030e-11
2.627189999999999803e-01 1.457510000000000158e-11
2.623849999999999794e-01 1.515389999999999988e-11
2.620520000000000072e-01 1.578079999999999916e-11
2.617180000000000062e-01 1.647050000000000015e-11
2.613840000000000052e-01 1.725149999999999854e-11
2.610509999999999775e-01 1.807879999999999926e-11
2.607169999999999765e-01 1.899970000000000032e-11
2.603840000000000043e-01 1.981249999999999944e-11
2.600500000000000034e-01 2.072730000000000115e-11
2.597160000000000024e-01 2.166449999999999922e-11
2.593829999999999747e-01 2.262889999999999862e-11
2.590489999999999737e-01 2.358460000000000030e-11
2.587160000000000015e-01 2.452790000000000093e-11
2.583820000000000006e-01 2.559439999999999927e-11
2.580479999999999996e-01 2.652250000000000134e-11
2.577150000000000274e-01 2.735869999999999893e-11
2.573810000000000264e-01 2.793380000000000039e-11
2.570479999999999987e-01 2.863770000000000105e-11
2.567139999999999977e-01 2.915989999999999978e-11
2.563799999999999968e-01 2.955650000000000154e-11
2.560470000000000246e-01 2.977459999999999715e-11
2.557130000000000236e-01 2.970019999999999738e-11
2.553790000000000227e-01 2.947800000000000021e-11
2.550459999999999949e-01 2.898790000000000091e-11
2.547119999999999940e-01 2.837910000000000052e-11
2.543790000000000218e-01 2.763650000000000003e-11
2.540450000000000208e-01 2.689450000000000016e-11
2.537110000000000198e-01 2.601640000000000050e-11
2.533779999999999921e-01 2.499470000000000133e-11
2.530439999999999912e-01 2.383440000000000030e-11
2.527110000000000190e-01 2.269610000000000060e-11
2.523770000000000180e-01 2.160680000000000119e-11
2.520430000000000170e-01 2.038059999999999901e-11
2.517099999999999893e-01 1.932099999999999976e-11
2.513759999999999883e-01 1.832070000000000129e-11
2.510430000000000161e-01 1.728539999999999984e-11
2.507090000000000152e-01 1.630140000000000160e-11
2.503750000000000142e-01 1.546689999999999986e-11
2.500419999999999865e-01 1.465540000000000155e-11
2.497080000000000133e-01 1.391820000000000021e-11
2.493740000000000123e-01 1.327060000000000042e-11
2.490410000000000124e-01 1.277789999999999950e-11
2.487070000000000114e-01 1.231589999999999925e-11
2.483740000000000114e-01 1.189080000000000018e-11
2.480400000000000105e-01 1.157180000000000043e-11
2.477060000000000095e-01 1.129129999999999976e-11
2.473730000000000095e-01 1.103969999999999950e-11
2.470390000000000086e-01 1.085990000000000061e-11
2.467060000000000086e-01 1.071669999999999936e-11
2.463720000000000077e-01 1.058199999999999994e-11
2.460380000000000067e-01 1.047199999999999981e-11
2.457050000000000067e-01 1.033749999999999952e-11
2.453710000000000058e-01 1.020289999999999967e-11
2.450380000000000058e-01 1.010709999999999921e-11
2.447040000000000048e-01 1.007279999999999965e-11
2.443700000000000039e-01 9.995899999999999443e-12
2.440370000000000039e-01 9.988919999999999406e-12
2.437030000000000030e-01 1.000739999999999955e-11
2.433690000000000020e-01 1.001010000000000074e-11
2.430360000000000020e-01 1.007869999999999986e-11
2.427020000000000011e-01 1.021369999999999959e-11
2.423690000000000011e-01 1.033149999999999975e-11
2.420350000000000001e-01 1.064569999999999936e-11
2.417009999999999992e-01 1.111249999999999975e-11
2.413679999999999992e-01 1.163589999999999972e-11
2.410339999999999983e-01 1.231729999999999963e-11
2.407009999999999983e-01 1.311989999999999946e-11
2.403669999999999973e-01 1.415240000000000016e-11
2.400329999999999964e-01 1.537070000000000114e-11
2.396999999999999964e-01 1.671360000000000019e-11
2.393659999999999954e-01 1.829940000000000016e-11
2.390329999999999955e-01 2.003989999999999986e-11
2.386989999999999945e-01 2.183880000000000101e-11
2.383649999999999936e-01 2.373310000000000113e-11
2.380319999999999936e-01 2.530330000000000104e-11
2.376979999999999926e-01 2.682370000000000090e-11
2.373639999999999917e-01 2.838340000000000122e-11
2.370309999999999917e-01 2.963980000000000140e-11
2.366969999999999907e-01 3.056300000000000215e-11
2.363639999999999908e-01 3.090820000000000112e-11
2.360299999999999898e-01 3.141950000000000198e-11
2.356959999999999888e-01 3.133289999999999708e-11
2.353629999999999889e-01 3.086389999999999978e-11
2.350289999999999879e-01 3.007489999999999739e-11
2.346959999999999880e-01 2.907899999999999918e-11
2.343619999999999870e-01 2.792599999999999874e-11
2.340280000000000138e-01 2.644440000000000150e-11
2.336950000000000138e-01 2.453330000000000008e-11
2.333610000000000129e-01 2.257030000000000128e-11
2.330280000000000129e-01 2.037669999999999980e-11
2.326940000000000119e-01 1.825209999999999894e-11
2.323600000000000110e-01 1.590460000000000071e-11
2.320270000000000110e-01 1.378119999999999948e-11
2.316930000000000101e-01 1.155740000000000001e-11
2.313590000000000091e-01 9.676840000000000598e-12
2.310260000000000091e-01 8.008829999999999914e-12
2.306920000000000082e-01 6.436520000000000124e-12
2.303590000000000082e-01 5.079639999999999952e-12
2.300250000000000072e-01 3.868939999999999870e-12
2.296910000000000063e-01 2.995510000000000026e-12
2.293580000000000063e-01 2.336459999999999922e-12
2.290240000000000054e-01 1.803510000000000057e-12
2.286910000000000054e-01 1.391269999999999988e-12
2.283570000000000044e-01 1.091710000000000000e-12
2.280230000000000035e-01 8.535279999999999553e-13
2.276900000000000035e-01 6.701869999999999796e-13
2.273560000000000025e-01 5.203579999999999725e-13
2.270230000000000026e-01 4.291639999999999977e-13
2.266890000000000016e-01 3.426040000000000111e-13
2.263550000000000006e-01 2.768930000000000097e-13
2.260220000000000007e-01 2.347470000000000195e-13
2.256879999999999997e-01 1.696920000000000003e-13
2.253539999999999988e-01 1.537959999999999992e-13
2.250209999999999988e-01 1.110589999999999991e-13
2.246869999999999978e-01 8.613220000000000280e-14
2.243539999999999979e-01 6.422849999999999991e-14
2.240199999999999969e-01 6.379200000000000475e-14
2.236859999999999959e-01 3.628629999999999958e-14
2.233529999999999960e-01 4.445429999999999820e-14
2.230189999999999950e-01 3.332110000000000102e-14
2.226859999999999951e-01 2.333259999999999895e-14
2.223519999999999941e-01 2.210789999999999938e-14
2.220179999999999931e-01 2.677520000000000168e-15
2.216849999999999932e-01 1.517930000000000114e-14
2.213509999999999922e-01 1.198489999999999956e-14
2.210179999999999922e-01 -4.889379999999999786e-15
2.206839999999999913e-01 5.161399999999999816e-15
2.203499999999999903e-01 1.332229999999999956e-14
2.200169999999999904e-01 2.391460000000000012e-15
2.196829999999999894e-01 1.390840000000000015e-14
2.193489999999999884e-01 -1.027859999999999943e-14
2.190159999999999885e-01 2.667759999999999986e-16
2.186819999999999875e-01 5.553929999999999905e-15
2.183489999999999875e-01 8.600240000000000294e-15
2.180149999999999866e-01 3.183049999999999924e-15
2.176810000000000134e-01 -1.093709999999999977e-15
2.173480000000000134e-01 6.311329999999999946e-15
2.170140000000000124e-01 -5.404339999999999579e-16
2.166810000000000125e-01 -4.928080000000000198e-15
2.163470000000000115e-01 1.108469999999999965e-14
2.160130000000000106e-01 1.974029999999999903e-16
2.156800000000000106e-01 8.982470000000000196e-15
2.153460000000000096e-01 1.285220000000000007e-15
2.150130000000000097e-01 1.011129999999999925e-15
2.146790000000000087e-01 8.121249999999999979e-15
2.143450000000000077e-01 1.464120000000000015e-15
2.140120000000000078e-01 1.164820000000000023e-14
2.136780000000000068e-01 1.019510000000000034e-14
2.133440000000000059e-01 1.000369999999999963e-14
2.130110000000000059e-01 -3.773050000000000242e-16
2.126770000000000049e-01 1.227169999999999941e-14
2.123440000000000050e-01 5.597469999999999820e-15
2.120100000000000040e-01 2.501349999999999911e-15
2.116760000000000030e-01 1.006829999999999993e-14
2.113430000000000031e-01 -1.421300000000000041e-15
2.110090000000000021e-01 -3.585729999999999991e-15
2.106760000000000022e-01 4.422010000000000240e-15
2.103420000000000012e-01 -3.087919999999999895e-15
2.100080000000000002e-01 6.237729999999999697e-15
2.096750000000000003e-01 8.169309999999999423e-15
2.093409999999999993e-01 -4.699100000000000173e-15
2.090079999999999993e-01 -6.482579999999999721e-16
2.086739999999999984e-01 3.274439999999999778e-14
2.083399999999999974e-01 -6.427519999999999966e-15
2.080069999999999975e-01 -2.297069999999999873e-16
2.076729999999999965e-01 -4.888009999999999924e-16
2.073389999999999955e-01 -5.529430000000000198e-16
2.070059999999999956e-01 -4.730560000000000097e-15
2.066719999999999946e-01 2.059419999999999847e-15
2.063389999999999946e-01 1.411620000000000010e-14
2.060049999999999937e-01 -8.714159999999999983e-16
2.056709999999999927e-01 1.050769999999999994e-14
2.053379999999999928e-01 1.130199999999999945e-14
2.050039999999999918e-01 -3.116890000000000048e-15
2.046709999999999918e-01 1.306519999999999939e-14
2.043369999999999909e-01 -8.731829999999999736e-15
2.040029999999999899e-01 8.813299999999999855e-15
2.036699999999999899e-01 8.684890000000000594e-15
2.033359999999999890e-01 1.917960000000000108e-15
2.030029999999999890e-01 1.603469999999999843e-14
2.026689999999999880e-01 2.069369999999999940e-15
2.023349999999999871e-01 -2.247749999999999892e-16
2.020019999999999871e-01 8.498439999999999902e-16
2.016679999999999862e-01 3.807760000000000169e-15
2.013340000000000130e-01 8.277780000000000029e-17
2.010010000000000130e-01 1.598309999999999894e-14
2.006670000000000120e-01 -1.335360000000000068e-15
2.003340000000000121e-01 4.221919999999999783e-15
